0016 4987887725 665 1
0016 4987887725 665 2
0016 4987887725 665 3
0016 4987887725 665 4
0016 4987887725 665 5
0016 4987887725 665 6
0016 4987887725 665 7
0016 4987887725 665 8
0016 4987887725 665 9
0016 4987887725 665 10
0016 4987887725 665 11
0016 4987887725 665 12
0016 4987887725 665 13
0016 4987887725 665 14
0016 4987887725 665 15
0016 4987887725 665 16
0016 4987887725 665 17
0016 4987887725 665 18
0016 4987887725 665 19
0016 4987887725 665 20
0016 4987887725 665 21
0016 4987887725 665 22
0016 4987887725 665 23
0016 4987887725 665 24
0016 4987887725 665 25
0016 4987887725 665 26
0016 4987887725 665 27
0016 4987887725 665 28
0016 4987887725 665 29
0016 4987887725 665 30
0016 4987887725 665 31
0016 4987887725 665 32
0016 4987887725 665 33
0016 4987887725 665 34
0016 4987887725 665 35
0016 4987887725 665 36
0016 4987887725 665 37
0016 4987887725 665 38
0016 4987887725 665 39
0016 4987887725 665 40
0016 4987887725 665 41
0016 4987887725 665 42
0016 4987887725 665 43
0016 4987887725 665 44
0016 4987887725 665 45
0016 4987887725 665 46
0016 4987887725 665 47
0016 4987887725 665 48
0016 4987887725 665 49
0016 4987887725 665 50
0016 4987887725 665 51
0016 4987887725 665 52
0016 4987887725 665 53
0016 4987887725 665 54
0016 4987887725 665 55
0016 4987887725 665 56
0016 4987887725 665 57
0016 4987887725 665 58
0016 4987887725 665 59
0016 4987887725 665 60
0016 4987887725 665 61
0016 4987887725 665 62
0016 4987887725 665 63
0016 4987887725 665 64
0016 4987887725 665 65
0016 4987887725 665 66
0016 4987887725 665 67
0016 4987887725 665 68
0016 4987887725 665 69
0016 4987887725 665 70
0016 4987887725 665 71
0016 4987887725 665 72
0016 4987887725 665 73
0016 4987887725 665 74
0016 4987887725 665 75
0016 4987887725 665 76
0016 4987887725 665 77
0016 4987887725 665 78
0016 4987887725 665 79
0016 4987887725 665 80
0016 4987887725 665 81
0016 4987887725 665 82
0016 4987887725 665 83
0016 4987887725 665 84
0016 4987887725 665 85
0016 4987887725 665 86
0016 4987887725 665 87
0016 4987887725 665 88
0016 4987887725 665 89
0016 4987887725 665 90
0016 4987887725 665 91
0016 4987887725 665 92
0016 4987887725 665 93
0016 4987887725 665 94
0016 4987887725 665 95
0016 4987887725 665 96
0016 4987887725 665 97
0016 4987887725 665 98
0016 4987887725 665 99
0016 4987887725 665 100
0016 4987887725 665 101
0016 4987887725 665 102
0016 4987887725 665 103
0016 4987887725 665 104
0016 4987887725 665 105
0016 4987887725 665 106
0016 4987887725 665 107
0016 4987887725 665 108
0016 4987887725 665 109
0016 4987887725 665 110
0016 4987887725 665 111
0016 4987887725 665 112
0016 4987887725 665 113
0016 4987887725 665 114
0016 4987887725 665 115
0016 4987887725 665 116
0016 4987887725 665 117
0016 4987887725 665 118
0016 4987887725 665 119
0016 4987887725 665 120
0016 4987887725 665 121
0016 4987887725 665 122
0016 4987887725 665 123
0016 4987887725 665 124
0016 4987887725 665 125
0016 4987887725 665 126
0016 4987887725 665 127
0016 4987887725 665 128
0016 4987887725 665 129
0016 4987887725 665 130
0016 4987887725 665 131
0016 4987887725 665 132
0016 4987887725 665 133
0016 4987887725 665 134
0016 4987887725 665 135
0016 4987887725 665 136
0016 4987887725 665 137
0016 4987887725 665 138
0016 4987887725 665 139
0016 4987887725 665 140
0016 4987887725 665 141
0016 4987887725 665 142
0016 4987887725 665 143
0016 4987887725 665 144
0016 4987887725 665 145
0016 4987887725 665 146
0016 4987887725 665 147
0016 4987887725 665 148
0016 4987887725 665 149
0016 4987887725 665 150
0016 4987887725 665 151
0016 4987887725 665 152
0016 4987887725 665 153
0016 4987887725 665 154
0016 4987887725 665 155
0016 4987887725 665 156
0016 4987887725 665 157
0016 4987887725 665 158
0016 4987887725 665 159
0016 4987887725 665 160
0016 4987887725 665 161
0016 4987887725 665 162
0016 4987887725 665 163
0016 4987887725 665 164
0016 4987887725 665 165
0016 4987887725 665 166
0016 4987887725 665 167
0016 4987887725 665 168
0016 4987887725 665 169
0016 4987887725 665 170
0016 4987887725 665 171
0016 4987887725 665 172
0016 4987887725 665 173
0016 4987887725 665 174
0016 4987887725 665 175
0016 4987887725 665 176
0016 4987887725 665 177
0016 4987887725 665 178
0016 4987887725 665 179
0016 4987887725 665 180
0016 4987887725 665 181
0016 4987887725 665 182
0016 4987887725 665 183
0016 4987887725 665 184
0016 4987887725 665 185
0016 4987887725 665 186
0016 4987887725 665 187
0016 4987887725 665 188
0016 4987887725 665 189
0016 4987887725 665 190
0016 4987887725 665 191
0016 4987887725 665 192
0016 4987887725 665 193
0016 4987887725 665 194
0016 4987887725 665 195
0016 4987887725 665 196
0016 4987887725 665 197
0016 4987887725 665 198
0016 4987887725 665 199
0016 4987887725 665 200
0016 4987887725 665 201
0016 4987887725 665 202
0016 4987887725 665 203
0016 4987887725 665 204
0016 4987887725 665 205
0016 4987887725 665 206
0016 4987887725 665 207
0016 4987887725 665 208
0016 4987887725 665 209
0016 4987887725 665 210
0016 4987887725 665 211
0016 4987887725 665 212
0016 4987887725 665 213
0016 4987887725 665 214
0016 4987887725 665 215
0016 4987887725 665 216
0016 4987887725 665 217
0016 4987887725 665 218
0016 4987887725 665 219
0016 4987887725 665 220
0016 4987887725 665 221
0016 4987887725 665 222
0016 4987887725 665 223
0016 4987887725 665 224
0016 4987887725 665 225
0016 4987887725 665 226
0016 4987887725 665 227
0016 4987887725 665 228
0016 4987887725 665 229
0016 4987887725 665 230
0016 4987887725 665 231
0016 4987887725 665 232
0016 4987887725 665 233
0016 4987887725 665 234
0016 4987887725 665 235
0016 4987887725 665 236
0016 4987887725 665 237
0016 4987887725 665 238
0016 4987887725 665 239
0016 4987887725 665 240
0016 4987887725 665 241
0016 4987887725 665 242
0016 4987887725 665 243
0016 4987887725 665 244
0016 4987887725 665 245
0016 4987887725 665 246
0016 4987887725 665 247
0016 4987887725 665 248
0016 4987887725 665 249
0016 4987887725 665 250
0016 4987887725 665 251
0016 4987887725 665 252
0016 4987887725 665 253
0016 4987887725 665 254
0016 4987887725 665 255
0016 4987887725 665 256
0016 4987887725 665 257
0016 4987887725 665 258
0016 4987887725 665 259
0016 4987887725 665 260
0016 4987887725 665 261
0016 4987887725 665 262
0016 4987887725 665 263
0016 4987887725 665 264
0016 4987887725 665 265
0016 4987887725 665 266
0016 4987887725 665 267
0016 4987887725 665 268
0016 4987887725 665 269
0016 4987887725 665 270
0016 4987887725 665 271
0016 4987887725 665 272
0016 4987887725 665 273
0016 4987887725 665 274
0016 4987887725 665 275
0016 4987887725 665 276
0016 4987887725 665 277
0016 4987887725 665 278
0016 4987887725 665 279
0016 4987887725 665 280
0016 4987887725 665 281
0016 4987887725 665 282
0016 4987887725 665 283
0016 4987887725 665 284
0016 4987887725 665 285
0016 4987887725 665 286
0016 4987887725 665 287
0016 4987887725 665 288
0016 4987887725 665 289
0016 4987887725 665 290
0016 4987887725 665 291
0016 4987887725 665 292
0016 4987887725 665 293
0016 4987887725 665 294
0016 4987887725 665 295
0016 4987887725 665 296
0016 4987887725 665 297
0016 4987887725 665 298
0016 4987887725 665 299
0016 4987887725 665 300
0016 4987887725 665 301
0016 4987887725 665 302
0016 4987887725 665 303
0016 4987887725 665 304
0016 4987887725 665 305
0016 4987887725 665 306
0016 4987887725 665 307
0016 4987887725 665 308
0016 4987887725 665 309
0016 4987887725 665 310
0016 4987887725 665 311
0016 4987887725 665 312
0016 4987887725 665 313
0016 4987887725 665 314
0016 4987887725 665 315
0016 4987887725 665 316
0016 4987887725 665 317
0016 4987887725 665 318
0016 4987887725 665 319
0016 4987887725 665 320
0016 4987887725 665 321
0016 4987887725 665 322
0016 4987887725 665 323
0016 4987887725 665 324
0016 4987887725 665 325
0016 4987887725 665 326
0016 4987887725 665 327
0016 4987887725 665 328
0016 4987887725 665 329
0016 4987887725 665 330
0016 4987887725 665 331
0016 4987887725 665 332
0016 4987887725 665 333
0016 4987887725 665 334
0016 4987887725 665 335
0016 4987887725 665 336
0016 4987887725 665 337
0016 4987887725 665 338
0016 4987887725 665 339
0016 4987887725 665 340
0016 4987887725 665 341
0016 4987887725 665 342
0016 4987887725 665 343
0016 4987887725 665 344
0016 4987887725 665 345
0016 4987887725 665 346
0016 4987887725 665 347
0016 4987887725 665 348
0016 4987887725 665 349
0016 4987887725 665 350
0016 4987887725 665 351
0016 4987887725 665 352
0016 4987887725 665 353
0016 4987887725 665 354
0016 4987887725 665 355
0016 4987887725 665 356
0016 4987887725 665 357
0016 4987887725 665 358
0016 4987887725 665 359
0016 4987887725 665 360
0016 4987887725 665 361
0016 4987887725 665 362
0016 4987887725 665 363
0016 4987887725 665 364
0016 4987887725 665 365
0016 4987887725 665 366
0016 4987887725 665 367
0016 4987887725 665 368
0016 4987887725 665 369
0016 4987887725 665 370
0016 4987887725 665 371
0016 4987887725 665 372
0016 4987887725 665 373
0016 4987887725 665 374
0016 4987887725 665 375
0016 4987887725 665 376
0016 4987887725 665 377
0016 4987887725 665 378
0016 4987887725 665 379
0016 4987887725 665 380
0016 4987887725 665 381
0016 4987887725 665 382
0016 4987887725 665 383
0016 4987887725 665 384
0016 4987887725 665 385
0016 4987887725 665 386
0016 4987887725 665 387
0016 4987887725 665 388
0016 4987887725 665 389
0016 4987887725 665 390
0016 4987887725 665 391
0016 4987887725 665 392
0016 4987887725 665 393
0016 4987887725 665 394
0016 4987887725 665 395
0016 4987887725 665 396
0016 4987887725 665 397
0016 4987887725 665 398
0016 4987887725 665 399
0016 4987887725 665 400
0016 4987887725 665 401
0016 4987887725 665 402
0016 4987887725 665 403
0016 4987887725 665 404
0016 4987887725 665 405
0016 4987887725 665 406
0016 4987887725 665 407
0016 4987887725 665 408
0016 4987887725 665 409
0016 4987887725 665 410
0016 4987887725 665 411
0016 4987887725 665 412
0016 4987887725 665 413
0016 4987887725 665 414
0016 4987887725 665 415
0016 4987887725 665 416
0016 4987887725 665 417
0016 4987887725 665 418
0016 4987887725 665 419
0016 4987887725 665 420
0016 4987887725 665 421
0016 4987887725 665 422
0016 4987887725 665 423
0016 4987887725 665 424
0016 4987887725 665 425
0016 4987887725 665 426
0016 4987887725 665 427
0016 4987887725 665 428
0016 4987887725 665 429
0016 4987887725 665 430
0016 4987887725 665 431
0016 4987887725 665 432
0016 4987887725 665 433
0016 4987887725 665 434
0016 4987887725 665 435
0016 4987887725 665 436
0016 4987887725 665 437
0016 4987887725 665 438
0016 4987887725 665 439
0016 4987887725 665 440
0016 4987887725 665 441
0016 4987887725 665 442
0016 4987887725 665 443
0016 4987887725 665 444
0016 4987887725 665 445
0016 4987887725 665 446
0016 4987887725 665 447
0016 4987887725 665 448
0016 4987887725 665 449
0016 4987887725 665 450
0016 4987887725 665 451
0016 4987887725 665 452
0016 4987887725 665 453
0016 4987887725 665 454
0016 4987887725 665 455
0016 4987887725 665 456
0016 4987887725 665 457
0016 4987887725 665 458
0016 4987887725 665 459
0016 4987887725 665 460
0016 4987887725 665 461
0016 4987887725 665 462
0016 4987887725 665 463
0016 4987887725 665 464
0016 4987887725 665 465
0016 4987887725 665 466
0016 4987887725 665 467
0016 4987887725 665 468
0016 4987887725 665 469
0016 4987887725 665 470
0016 4987887725 665 471
0016 4987887725 665 472
0016 4987887725 665 473
0016 4987887725 665 474
0016 4987887725 665 475
0016 4987887725 665 476
0016 4987887725 665 477
0016 4987887725 665 478
0016 4987887725 665 479
0016 4987887725 665 480
0016 4987887725 665 481
0016 4987887725 665 482
0016 4987887725 665 483
0016 4987887725 665 484
0016 4987887725 665 485
0016 4987887725 665 486
0016 4987887725 665 487
0016 4987887725 665 488
0016 4987887725 665 489
0016 4987887725 665 490
0016 4987887725 665 491
0016 4987887725 665 492
0016 4987887725 665 493
0016 4987887725 665 494
0016 4987887725 665 495
0016 4987887725 665 496
0016 4987887725 665 497
0016 4987887725 665 498
0016 4987887725 665 499
0016 4987887725 665 500
0016 4987887725 665 501
0016 4987887725 665 502
0016 4987887725 665 503
0016 4987887725 665 504
0016 4987887725 665 505
0016 4987887725 665 506
0016 4987887725 665 507
0016 4987887725 665 508
0016 4987887725 665 509
0016 4987887725 665 510
0016 4987887725 665 511
0016 4987887725 665 512
0016 4987887725 665 513
0016 4987887725 665 514
0016 4987887725 665 515
0016 4987887725 665 516
0016 4987887725 665 517
0016 4987887725 665 518
0016 4987887725 665 519
0016 4987887725 665 520
0016 4987887725 665 521
0016 4987887725 665 522
0016 4987887725 665 523
0016 4987887725 665 524
0016 4987887725 665 525
0016 4987887725 665 526
0016 4987887725 665 527
0016 4987887725 665 528
0016 4987887725 665 529
0016 4987887725 665 530
0016 4987887725 665 531
0016 4987887725 665 532
0016 4987887725 665 533
0016 4987887725 665 534
0016 4987887725 665 535
0016 4987887725 665 536
0016 4987887725 665 537
0016 4987887725 665 538
0016 4987887725 665 539
0016 4987887725 665 540
0016 4987887725 665 541
0016 4987887725 665 542
0016 4987887725 665 543
0016 4987887725 665 544
0016 4987887725 665 545
0016 4987887725 665 546
0016 4987887725 665 547
0016 4987887725 665 548
0016 4987887725 665 549
0016 4987887725 665 550
0016 4987887725 665 551
0016 4987887725 665 552
0016 4987887725 665 553
0016 4987887725 665 554
0016 4987887725 665 555
0016 4987887725 665 556
0016 4987887725 665 557
0016 4987887725 665 558
0016 4987887725 665 559
0016 4987887725 665 560
0016 4987887725 665 561
0016 4987887725 665 562
0016 4987887725 665 563
0016 4987887725 665 564
0016 4987887725 665 565
0016 4987887725 665 566
0016 4987887725 665 567
0016 4987887725 665 568
0016 4987887725 665 569
0016 4987887725 665 570
0016 4987887725 665 571
0016 4987887725 665 572
0016 4987887725 665 573
0016 4987887725 665 574
0016 4987887725 665 575
0016 4987887725 665 576
0016 4987887725 665 577
0016 4987887725 665 578
0016 4987887725 665 579
0016 4987887725 665 580
0016 4987887725 665 581
0016 4987887725 665 582
0016 4987887725 665 583
0016 4987887725 665 584
0016 4987887725 665 585
0016 4987887725 665 586
0016 4987887725 665 587
0016 4987887725 665 588
0016 4987887725 665 589
0016 4987887725 665 590
0016 4987887725 665 591
0016 4987887725 665 592
0016 4987887725 665 593
0016 4987887725 665 594
0016 4987887725 665 595
0016 4987887725 665 596
0016 4987887725 665 597
0016 4987887725 665 598
0016 4987887725 665 599
0016 4987887725 665 600
0016 4987887725 665 601
0016 4987887725 665 602
0016 4987887725 665 603
0016 4987887725 665 604
0016 4987887725 665 605
0016 4987887725 665 606
0016 4987887725 665 607
0016 4987887725 665 608
0016 4987887725 665 609
0016 4987887725 665 610
0016 4987887725 665 611
0016 4987887725 665 612
0016 4987887725 665 613
0016 4987887725 665 614
0016 4987887725 665 615
0016 4987887725 665 616
0016 4987887725 665 617
0016 4987887725 665 618
0016 4987887725 665 619
0016 4987887725 665 620
0016 4987887725 665 621
0016 4987887725 665 622
0016 4987887725 665 623
0016 4987887725 665 624
0016 4987887725 665 625
0016 4987887725 665 626
0016 4987887725 665 627
0016 4987887725 665 628
0016 4987887725 665 629
0016 4987887725 665 630
0016 4987887725 665 631
0016 4987887725 665 632
0016 4987887725 665 633
0016 4987887725 665 634
0016 4987887725 665 635
0016 4987887725 665 636
0016 4987887725 665 637
0016 4987887725 665 638
0016 4987887725 665 639
0016 4987887725 665 640
0016 4987887725 665 641
0016 4987887725 665 642
0016 4987887725 665 643
0016 4987887725 665 644
0016 4987887725 665 645
0016 4987887725 665 646
0016 4987887725 665 647
0016 4987887725 665 648
0016 4987887725 665 649
0016 4987887725 665 650
0016 4987887725 665 651
0016 4987887725 665 652
0016 4987887725 665 653
0016 4987887725 665 654
0016 4987887725 665 655
0016 4987887725 665 656
0016 4987887725 665 657
0016 4987887725 665 658
0016 4987887725 665 659
0016 4987887725 665 660
0016 4987887725 665 661
0016 4987887725 665 662
0016 4987887725 665 663
0016 4987887725 665 664
0016 4987887725 665 665
0016 5455502386 269 1
0016 5455502386 269 2
0016 5455502386 269 3
0016 5455502386 269 4
0016 5455502386 269 5
0016 5455502386 269 6
0016 5455502386 269 7
0016 5455502386 269 8
0016 5455502386 269 9
0016 5455502386 269 10
0016 5455502386 269 11
0016 5455502386 269 12
0016 5455502386 269 13
0016 5455502386 269 14
0016 5455502386 269 15
0016 5455502386 269 16
0016 5455502386 269 17
0016 5455502386 269 18
0016 5455502386 269 19
0016 5455502386 269 20
0016 5455502386 269 21
0016 5455502386 269 22
0016 5455502386 269 23
0016 5455502386 269 24
0016 5455502386 269 25
0016 5455502386 269 26
0016 5455502386 269 27
0016 5455502386 269 28
0016 5455502386 269 29
0016 5455502386 269 30
0016 5455502386 269 31
0016 5455502386 269 32
0016 5455502386 269 33
0016 5455502386 269 34
0016 5455502386 269 35
0016 5455502386 269 36
0016 5455502386 269 37
0016 5455502386 269 38
0016 5455502386 269 39
0016 5455502386 269 40
0016 5455502386 269 41
0016 5455502386 269 42
0016 5455502386 269 43
0016 5455502386 269 44
0016 5455502386 269 45
0016 5455502386 269 46
0016 5455502386 269 47
0016 5455502386 269 48
0016 5455502386 269 49
0016 5455502386 269 50
0016 5455502386 269 51
0016 5455502386 269 52
0016 5455502386 269 53
0016 5455502386 269 54
0016 5455502386 269 55
0016 5455502386 269 56
0016 5455502386 269 57
0016 5455502386 269 58
0016 5455502386 269 59
0016 5455502386 269 60
0016 5455502386 269 61
0016 5455502386 269 62
0016 5455502386 269 63
0016 5455502386 269 64
0016 5455502386 269 65
0016 5455502386 269 66
0016 5455502386 269 67
0016 5455502386 269 68
0016 5455502386 269 69
0016 5455502386 269 70
0016 5455502386 269 71
0016 5455502386 269 72
0016 5455502386 269 73
0016 5455502386 269 74
0016 5455502386 269 75
0016 5455502386 269 76
0016 5455502386 269 77
0016 5455502386 269 78
0016 5455502386 269 79
0016 5455502386 269 80
0016 5455502386 269 81
0016 5455502386 269 82
0016 5455502386 269 83
0016 5455502386 269 84
0016 5455502386 269 85
0016 5455502386 269 86
0016 5455502386 269 87
0016 5455502386 269 88
0016 5455502386 269 89
0016 5455502386 269 90
0016 5455502386 269 91
0016 5455502386 269 92
0016 5455502386 269 93
0016 5455502386 269 94
0016 5455502386 269 95
0016 5455502386 269 96
0016 5455502386 269 97
0016 5455502386 269 98
0016 5455502386 269 99
0016 5455502386 269 100
0016 5455502386 269 101
0016 5455502386 269 102
0016 5455502386 269 103
0016 5455502386 269 104
0016 5455502386 269 105
0016 5455502386 269 106
0016 5455502386 269 107
0016 5455502386 269 108
0016 5455502386 269 109
0016 5455502386 269 110
0016 5455502386 269 111
0016 5455502386 269 112
0016 5455502386 269 113
0016 5455502386 269 114
0016 5455502386 269 115
0016 5455502386 269 116
0016 5455502386 269 117
0016 5455502386 269 118
0016 5455502386 269 119
0016 5455502386 269 120
0016 5455502386 269 121
0016 5455502386 269 122
0016 5455502386 269 123
0016 5455502386 269 124
0016 5455502386 269 125
0016 5455502386 269 126
0016 5455502386 269 127
0016 5455502386 269 128
0016 5455502386 269 129
0016 5455502386 269 130
0016 5455502386 269 131
0016 5455502386 269 132
0016 5455502386 269 133
0016 5455502386 269 134
0016 5455502386 269 135
0016 5455502386 269 136
0016 5455502386 269 137
0016 5455502386 269 138
0016 5455502386 269 139
0016 5455502386 269 140
0016 5455502386 269 141
0016 5455502386 269 142
0016 5455502386 269 143
0016 5455502386 269 144
0016 5455502386 269 145
0016 5455502386 269 146
0016 5455502386 269 147
0016 5455502386 269 148
0016 5455502386 269 149
0016 5455502386 269 150
0016 5455502386 269 151
0016 5455502386 269 152
0016 5455502386 269 153
0016 5455502386 269 154
0016 5455502386 269 155
0016 5455502386 269 156
0016 5455502386 269 157
0016 5455502386 269 158
0016 5455502386 269 159
0016 5455502386 269 160
0016 5455502386 269 161
0016 5455502386 269 162
0016 5455502386 269 163
0016 5455502386 269 164
0016 5455502386 269 165
0016 5455502386 269 166
0016 5455502386 269 167
0016 5455502386 269 168
0016 5455502386 269 169
0016 5455502386 269 170
0016 5455502386 269 171
0016 5455502386 269 172
0016 5455502386 269 173
0016 5455502386 269 174
0016 5455502386 269 175
0016 5455502386 269 176
0016 5455502386 269 177
0016 5455502386 269 178
0016 5455502386 269 179
0016 5455502386 269 180
0016 5455502386 269 181
0016 5455502386 269 182
0016 5455502386 269 183
0016 5455502386 269 184
0016 5455502386 269 185
0016 5455502386 269 186
0016 5455502386 269 187
0016 5455502386 269 188
0016 5455502386 269 189
0016 5455502386 269 190
0016 5455502386 269 191
0016 5455502386 269 192
0016 5455502386 269 193
0016 5455502386 269 194
0016 5455502386 269 195
0016 5455502386 269 196
0016 5455502386 269 197
0016 5455502386 269 198
0016 5455502386 269 199
0016 5455502386 269 200
0016 5455502386 269 201
0016 5455502386 269 202
0016 5455502386 269 203
0016 5455502386 269 204
0016 5455502386 269 205
0016 5455502386 269 206
0016 5455502386 269 207
0016 5455502386 269 208
0016 5455502386 269 209
0016 5455502386 269 210
0016 5455502386 269 211
0016 5455502386 269 212
0016 5455502386 269 213
0016 5455502386 269 214
0016 5455502386 269 215
0016 5455502386 269 216
0016 5455502386 269 217
0016 5455502386 269 218
0016 5455502386 269 219
0016 5455502386 269 220
0016 5455502386 269 221
0016 5455502386 269 222
0016 5455502386 269 223
0016 5455502386 269 224
0016 5455502386 269 225
0016 5455502386 269 226
0016 5455502386 269 227
0016 5455502386 269 228
0016 5455502386 269 229
0016 5455502386 269 230
0016 5455502386 269 231
0016 5455502386 269 232
0016 5455502386 269 233
0016 5455502386 269 234
0016 5455502386 269 235
0016 5455502386 269 236
0016 5455502386 269 237
0016 5455502386 269 238
0016 5455502386 269 239
0016 5455502386 269 240
0016 5455502386 269 241
0016 5455502386 269 242
0016 5455502386 269 243
0016 5455502386 269 244
0016 5455502386 269 245
0016 5455502386 269 246
0016 5455502386 269 247
0016 5455502386 269 248
0016 5455502386 269 249
0016 5455502386 269 250
0016 5455502386 269 251
0016 5455502386 269 252
0016 5455502386 269 253
0016 5455502386 269 254
0016 5455502386 269 255
0016 5455502386 269 256
0016 5455502386 269 257
0016 5455502386 269 258
0016 5455502386 269 259
0016 5455502386 269 260
0016 5455502386 269 261
0016 5455502386 269 262
0016 5455502386 269 263
0016 5455502386 269 264
0016 5455502386 269 265
0016 5455502386 269 266
0016 5455502386 269 267
0016 5455502386 269 268
0016 5455502386 269 269
0016 5472380570 149 1
0016 5472380570 149 2
0016 5472380570 149 3
0016 5472380570 149 4
0016 5472380570 149 5
0016 5472380570 149 6
0016 5472380570 149 7
0016 5472380570 149 8
0016 5472380570 149 9
0016 5472380570 149 10
0016 5472380570 149 11
0016 5472380570 149 12
0016 5472380570 149 13
0016 5472380570 149 14
0016 5472380570 149 15
0016 5472380570 149 16
0016 5472380570 149 17
0016 5472380570 149 18
0016 5472380570 149 19
0016 5472380570 149 20
0016 5472380570 149 21
0016 5472380570 149 22
0016 5472380570 149 23
0016 5472380570 149 24
0016 5472380570 149 25
0016 5472380570 149 26
0016 5472380570 149 27
0016 5472380570 149 28
0016 5472380570 149 29
0016 5472380570 149 30
0016 5472380570 149 31
0016 5472380570 149 32
0016 5472380570 149 33
0016 5472380570 149 34
0016 5472380570 149 35
0016 5472380570 149 36
0016 5472380570 149 37
0016 5472380570 149 38
0016 5472380570 149 39
0016 5472380570 149 40
0016 5472380570 149 41
0016 5472380570 149 42
0016 5472380570 149 43
0016 5472380570 149 44
0016 5472380570 149 45
0016 5472380570 149 46
0016 5472380570 149 47
0016 5472380570 149 48
0016 5472380570 149 49
0016 5472380570 149 50
0016 5472380570 149 51
0016 5472380570 149 52
0016 5472380570 149 53
0016 5472380570 149 54
0016 5472380570 149 55
0016 5472380570 149 56
0016 5472380570 149 57
0016 5472380570 149 58
0016 5472380570 149 59
0016 5472380570 149 60
0016 5472380570 149 61
0016 5472380570 149 62
0016 5472380570 149 63
0016 5472380570 149 64
0016 5472380570 149 65
0016 5472380570 149 66
0016 5472380570 149 67
0016 5472380570 149 68
0016 5472380570 149 69
0016 5472380570 149 70
0016 5472380570 149 71
0016 5472380570 149 72
0016 5472380570 149 73
0016 5472380570 149 74
0016 5472380570 149 75
0016 5472380570 149 76
0016 5472380570 149 77
0016 5472380570 149 78
0016 5472380570 149 79
0016 5472380570 149 80
0016 5472380570 149 81
0016 5472380570 149 82
0016 5472380570 149 83
0016 5472380570 149 84
0016 5472380570 149 85
0016 5472380570 149 86
0016 5472380570 149 87
0016 5472380570 149 88
0016 5472380570 149 89
0016 5472380570 149 90
0016 5472380570 149 91
0016 5472380570 149 92
0016 5472380570 149 93
0016 5472380570 149 94
0016 5472380570 149 95
0016 5472380570 149 96
0016 5472380570 149 97
0016 5472380570 149 98
0016 5472380570 149 99
0016 5472380570 149 100
0016 5472380570 149 101
0016 5472380570 149 102
0016 5472380570 149 103
0016 5472380570 149 104
0016 5472380570 149 105
0016 5472380570 149 106
0016 5472380570 149 107
0016 5472380570 149 108
0016 5472380570 149 109
0016 5472380570 149 110
0016 5472380570 149 111
0016 5472380570 149 112
0016 5472380570 149 113
0016 5472380570 149 114
0016 5472380570 149 115
0016 5472380570 149 116
0016 5472380570 149 117
0016 5472380570 149 118
0016 5472380570 149 119
0016 5472380570 149 120
0016 5472380570 149 121
0016 5472380570 149 122
0016 5472380570 149 123
0016 5472380570 149 124
0016 5472380570 149 125
0016 5472380570 149 126
0016 5472380570 149 127
0016 5472380570 149 128
0016 5472380570 149 129
0016 5472380570 149 130
0016 5472380570 149 131
0016 5472380570 149 132
0016 5472380570 149 133
0016 5472380570 149 134
0016 5472380570 149 135
0016 5472380570 149 136
0016 5472380570 149 137
0016 5472380570 149 138
0016 5472380570 149 139
0016 5472380570 149 140
0016 5472380570 149 141
0016 5472380570 149 142
0016 5472380570 149 143
0016 5472380570 149 144
0016 5472380570 149 145
0016 5472380570 149 146
0016 5472380570 149 147
0016 5472380570 149 148
0016 5472380570 149 149
0016 6953109843 81 1
0016 6953109843 81 2
0016 6953109843 81 3
0016 6953109843 81 4
0016 6953109843 81 5
0016 6953109843 81 6
0016 6953109843 81 7
0016 6953109843 81 8
0016 6953109843 81 9
0016 6953109843 81 10
0016 6953109843 81 11
0016 6953109843 81 12
0016 6953109843 81 13
0016 6953109843 81 14
0016 6953109843 81 15
0016 6953109843 81 16
0016 6953109843 81 17
0016 6953109843 81 18
0016 6953109843 81 19
0016 6953109843 81 20
0016 6953109843 81 21
0016 6953109843 81 22
0016 6953109843 81 23
0016 6953109843 81 24
0016 6953109843 81 25
0016 6953109843 81 26
0016 6953109843 81 27
0016 6953109843 81 28
0016 6953109843 81 29
0016 6953109843 81 30
0016 6953109843 81 31
0016 6953109843 81 32
0016 6953109843 81 33
0016 6953109843 81 34
0016 6953109843 81 35
0016 6953109843 81 36
0016 6953109843 81 37
0016 6953109843 81 38
0016 6953109843 81 39
0016 6953109843 81 40
0016 6953109843 81 41
0016 6953109843 81 42
0016 6953109843 81 43
0016 6953109843 81 44
0016 6953109843 81 45
0016 6953109843 81 46
0016 6953109843 81 47
0016 6953109843 81 48
0016 6953109843 81 49
0016 6953109843 81 50
0016 6953109843 81 51
0016 6953109843 81 52
0016 6953109843 81 53
0016 6953109843 81 54
0016 6953109843 81 55
0016 6953109843 81 56
0016 6953109843 81 57
0016 6953109843 81 58
0016 6953109843 81 59
0016 6953109843 81 60
0016 6953109843 81 61
0016 6953109843 81 62
0016 6953109843 81 63
0016 6953109843 81 64
0016 6953109843 81 65
0016 6953109843 81 66
0016 6953109843 81 67
0016 6953109843 81 68
0016 6953109843 81 69
0016 6953109843 81 70
0016 6953109843 81 71
0016 6953109843 81 72
0016 6953109843 81 73
0016 6953109843 81 74
0016 6953109843 81 75
0016 6953109843 81 76
0016 6953109843 81 77
0016 6953109843 81 78
0016 6953109843 81 79
0016 6953109843 81 80
0016 6953109843 81 81
0016 6980134239 174 1
0016 6980134239 174 2
0016 6980134239 174 3
0016 6980134239 174 4
0016 6980134239 174 5
0016 6980134239 174 6
0016 6980134239 174 7
0016 6980134239 174 8
0016 6980134239 174 9
0016 6980134239 174 10
0016 6980134239 174 11
0016 6980134239 174 12
0016 6980134239 174 13
0016 6980134239 174 14
0016 6980134239 174 15
0016 6980134239 174 16
0016 6980134239 174 17
0016 6980134239 174 18
0016 6980134239 174 19
0016 6980134239 174 20
0016 6980134239 174 21
0016 6980134239 174 22
0016 6980134239 174 23
0016 6980134239 174 24
0016 6980134239 174 25
0016 6980134239 174 26
0016 6980134239 174 27
0016 6980134239 174 28
0016 6980134239 174 29
0016 6980134239 174 30
0016 6980134239 174 31
0016 6980134239 174 32
0016 6980134239 174 33
0016 6980134239 174 34
0016 6980134239 174 35
0016 6980134239 174 36
0016 6980134239 174 37
0016 6980134239 174 38
0016 6980134239 174 39
0016 6980134239 174 40
0016 6980134239 174 41
0016 6980134239 174 42
0016 6980134239 174 43
0016 6980134239 174 44
0016 6980134239 174 45
0016 6980134239 174 46
0016 6980134239 174 47
0016 6980134239 174 48
0016 6980134239 174 49
0016 6980134239 174 50
0016 6980134239 174 51
0016 6980134239 174 52
0016 6980134239 174 53
0016 6980134239 174 54
0016 6980134239 174 55
0016 6980134239 174 56
0016 6980134239 174 57
0016 6980134239 174 58
0016 6980134239 174 59
0016 6980134239 174 60
0016 6980134239 174 61
0016 6980134239 174 62
0016 6980134239 174 63
0016 6980134239 174 64
0016 6980134239 174 65
0016 6980134239 174 66
0016 6980134239 174 67
0016 6980134239 174 68
0016 6980134239 174 69
0016 6980134239 174 70
0016 6980134239 174 71
0016 6980134239 174 72
0016 6980134239 174 73
0016 6980134239 174 74
0016 6980134239 174 75
0016 6980134239 174 76
0016 6980134239 174 77
0016 6980134239 174 78
0016 6980134239 174 79
0016 6980134239 174 80
0016 6980134239 174 81
0016 6980134239 174 82
0016 6980134239 174 83
0016 6980134239 174 84
0016 6980134239 174 85
0016 6980134239 174 86
0016 6980134239 174 87
0016 6980134239 174 88
0016 6980134239 174 89
0016 6980134239 174 90
0016 6980134239 174 91
0016 6980134239 174 92
0016 6980134239 174 93
0016 6980134239 174 94
0016 6980134239 174 95
0016 6980134239 174 96
0016 6980134239 174 97
0016 6980134239 174 98
0016 6980134239 174 99
0016 6980134239 174 100
0016 6980134239 174 101
0016 6980134239 174 102
0016 6980134239 174 103
0016 6980134239 174 104
0016 6980134239 174 105
0016 6980134239 174 106
0016 6980134239 174 107
0016 6980134239 174 108
0016 6980134239 174 109
0016 6980134239 174 110
0016 6980134239 174 111
0016 6980134239 174 112
0016 6980134239 174 113
0016 6980134239 174 114
0016 6980134239 174 115
0016 6980134239 174 116
0016 6980134239 174 117
0016 6980134239 174 118
0016 6980134239 174 119
0016 6980134239 174 120
0016 6980134239 174 121
0016 6980134239 174 122
0016 6980134239 174 123
0016 6980134239 174 124
0016 6980134239 174 125
0016 6980134239 174 126
0016 6980134239 174 127
0016 6980134239 174 128
0016 6980134239 174 129
0016 6980134239 174 130
0016 6980134239 174 131
0016 6980134239 174 132
0016 6980134239 174 133
0016 6980134239 174 134
0016 6980134239 174 135
0016 6980134239 174 136
0016 6980134239 174 137
0016 6980134239 174 138
0016 6980134239 174 139
0016 6980134239 174 140
0016 6980134239 174 141
0016 6980134239 174 142
0016 6980134239 174 143
0016 6980134239 174 144
0016 6980134239 174 145
0016 6980134239 174 146
0016 6980134239 174 147
0016 6980134239 174 148
0016 6980134239 174 149
0016 6980134239 174 150
0016 6980134239 174 151
0016 6980134239 174 152
0016 6980134239 174 153
0016 6980134239 174 154
0016 6980134239 174 155
0016 6980134239 174 156
0016 6980134239 174 157
0016 6980134239 174 158
0016 6980134239 174 159
0016 6980134239 174 160
0016 6980134239 174 161
0016 6980134239 174 162
0016 6980134239 174 163
0016 6980134239 174 164
0016 6980134239 174 165
0016 6980134239 174 166
0016 6980134239 174 167
0016 6980134239 174 168
0016 6980134239 174 169
0016 6980134239 174 170
0016 6980134239 174 171
0016 6980134239 174 172
0016 6980134239 174 173
0016 6980134239 174 174
0016 9539412165 426 1
0016 9539412165 426 2
0016 9539412165 426 3
0016 9539412165 426 4
0016 9539412165 426 5
0016 9539412165 426 6
0016 9539412165 426 7
0016 9539412165 426 8
0016 9539412165 426 9
0016 9539412165 426 10
0016 9539412165 426 11
0016 9539412165 426 12
0016 9539412165 426 13
0016 9539412165 426 14
0016 9539412165 426 15
0016 9539412165 426 16
0016 9539412165 426 17
0016 9539412165 426 18
0016 9539412165 426 19
0016 9539412165 426 20
0016 9539412165 426 21
0016 9539412165 426 22
0016 9539412165 426 23
0016 9539412165 426 24
0016 9539412165 426 25
0016 9539412165 426 26
0016 9539412165 426 27
0016 9539412165 426 28
0016 9539412165 426 29
0016 9539412165 426 30
0016 9539412165 426 31
0016 9539412165 426 32
0016 9539412165 426 33
0016 9539412165 426 34
0016 9539412165 426 35
0016 9539412165 426 36
0016 9539412165 426 37
0016 9539412165 426 38
0016 9539412165 426 39
0016 9539412165 426 40
0016 9539412165 426 41
0016 9539412165 426 42
0016 9539412165 426 43
0016 9539412165 426 44
0016 9539412165 426 45
0016 9539412165 426 46
0016 9539412165 426 47
0016 9539412165 426 48
0016 9539412165 426 49
0016 9539412165 426 50
0016 9539412165 426 51
0016 9539412165 426 52
0016 9539412165 426 53
0016 9539412165 426 54
0016 9539412165 426 55
0016 9539412165 426 56
0016 9539412165 426 57
0016 9539412165 426 58
0016 9539412165 426 59
0016 9539412165 426 60
0016 9539412165 426 61
0016 9539412165 426 62
0016 9539412165 426 63
0016 9539412165 426 64
0016 9539412165 426 65
0016 9539412165 426 66
0016 9539412165 426 67
0016 9539412165 426 68
0016 9539412165 426 69
0016 9539412165 426 70
0016 9539412165 426 71
0016 9539412165 426 72
0016 9539412165 426 73
0016 9539412165 426 74
0016 9539412165 426 75
0016 9539412165 426 76
0016 9539412165 426 77
0016 9539412165 426 78
0016 9539412165 426 79
0016 9539412165 426 80
0016 9539412165 426 81
0016 9539412165 426 82
0016 9539412165 426 83
0016 9539412165 426 84
0016 9539412165 426 85
0016 9539412165 426 86
0016 9539412165 426 87
0016 9539412165 426 88
0016 9539412165 426 89
0016 9539412165 426 90
0016 9539412165 426 91
0016 9539412165 426 92
0016 9539412165 426 93
0016 9539412165 426 94
0016 9539412165 426 95
0016 9539412165 426 96
0016 9539412165 426 97
0016 9539412165 426 98
0016 9539412165 426 99
0016 9539412165 426 100
0016 9539412165 426 101
0016 9539412165 426 102
0016 9539412165 426 103
0016 9539412165 426 104
0016 9539412165 426 105
0016 9539412165 426 106
0016 9539412165 426 107
0016 9539412165 426 108
0016 9539412165 426 109
0016 9539412165 426 110
0016 9539412165 426 111
0016 9539412165 426 112
0016 9539412165 426 113
0016 9539412165 426 114
0016 9539412165 426 115
0016 9539412165 426 116
0016 9539412165 426 117
0016 9539412165 426 118
0016 9539412165 426 119
0016 9539412165 426 120
0016 9539412165 426 121
0016 9539412165 426 122
0016 9539412165 426 123
0016 9539412165 426 124
0016 9539412165 426 125
0016 9539412165 426 126
0016 9539412165 426 127
0016 9539412165 426 128
0016 9539412165 426 129
0016 9539412165 426 130
0016 9539412165 426 131
0016 9539412165 426 132
0016 9539412165 426 133
0016 9539412165 426 134
0016 9539412165 426 135
0016 9539412165 426 136
0016 9539412165 426 137
0016 9539412165 426 138
0016 9539412165 426 139
0016 9539412165 426 140
0016 9539412165 426 141
0016 9539412165 426 142
0016 9539412165 426 143
0016 9539412165 426 144
0016 9539412165 426 145
0016 9539412165 426 146
0016 9539412165 426 147
0016 9539412165 426 148
0016 9539412165 426 149
0016 9539412165 426 150
0016 9539412165 426 151
0016 9539412165 426 152
0016 9539412165 426 153
0016 9539412165 426 154
0016 9539412165 426 155
0016 9539412165 426 156
0016 9539412165 426 157
0016 9539412165 426 158
0016 9539412165 426 159
0016 9539412165 426 160
0016 9539412165 426 161
0016 9539412165 426 162
0016 9539412165 426 163
0016 9539412165 426 164
0016 9539412165 426 165
0016 9539412165 426 166
0016 9539412165 426 167
0016 9539412165 426 168
0016 9539412165 426 169
0016 9539412165 426 170
0016 9539412165 426 171
0016 9539412165 426 172
0016 9539412165 426 173
0016 9539412165 426 174
0016 9539412165 426 175
0016 9539412165 426 176
0016 9539412165 426 177
0016 9539412165 426 178
0016 9539412165 426 179
0016 9539412165 426 180
0016 9539412165 426 181
0016 9539412165 426 182
0016 9539412165 426 183
0016 9539412165 426 184
0016 9539412165 426 185
0016 9539412165 426 186
0016 9539412165 426 187
0016 9539412165 426 188
0016 9539412165 426 189
0016 9539412165 426 190
0016 9539412165 426 191
0016 9539412165 426 192
0016 9539412165 426 193
0016 9539412165 426 194
0016 9539412165 426 195
0016 9539412165 426 196
0016 9539412165 426 197
0016 9539412165 426 198
0016 9539412165 426 199
0016 9539412165 426 200
0016 9539412165 426 201
0016 9539412165 426 202
0016 9539412165 426 203
0016 9539412165 426 204
0016 9539412165 426 205
0016 9539412165 426 206
0016 9539412165 426 207
0016 9539412165 426 208
0016 9539412165 426 209
0016 9539412165 426 210
0016 9539412165 426 211
0016 9539412165 426 212
0016 9539412165 426 213
0016 9539412165 426 214
0016 9539412165 426 215
0016 9539412165 426 216
0016 9539412165 426 217
0016 9539412165 426 218
0016 9539412165 426 219
0016 9539412165 426 220
0016 9539412165 426 221
0016 9539412165 426 222
0016 9539412165 426 223
0016 9539412165 426 224
0016 9539412165 426 225
0016 9539412165 426 226
0016 9539412165 426 227
0016 9539412165 426 228
0016 9539412165 426 229
0016 9539412165 426 230
0016 9539412165 426 231
0016 9539412165 426 232
0016 9539412165 426 233
0016 9539412165 426 234
0016 9539412165 426 235
0016 9539412165 426 236
0016 9539412165 426 237
0016 9539412165 426 238
0016 9539412165 426 239
0016 9539412165 426 240
0016 9539412165 426 241
0016 9539412165 426 242
0016 9539412165 426 243
0016 9539412165 426 244
0016 9539412165 426 245
0016 9539412165 426 246
0016 9539412165 426 247
0016 9539412165 426 248
0016 9539412165 426 249
0016 9539412165 426 250
0016 9539412165 426 251
0016 9539412165 426 252
0016 9539412165 426 253
0016 9539412165 426 254
0016 9539412165 426 255
0016 9539412165 426 256
0016 9539412165 426 257
0016 9539412165 426 258
0016 9539412165 426 259
0016 9539412165 426 260
0016 9539412165 426 261
0016 9539412165 426 262
0016 9539412165 426 263
0016 9539412165 426 264
0016 9539412165 426 265
0016 9539412165 426 266
0016 9539412165 426 267
0016 9539412165 426 268
0016 9539412165 426 269
0016 9539412165 426 270
0016 9539412165 426 271
0016 9539412165 426 272
0016 9539412165 426 273
0016 9539412165 426 274
0016 9539412165 426 275
0016 9539412165 426 276
0016 9539412165 426 277
0016 9539412165 426 278
0016 9539412165 426 279
0016 9539412165 426 280
0016 9539412165 426 281
0016 9539412165 426 282
0016 9539412165 426 283
0016 9539412165 426 284
0016 9539412165 426 285
0016 9539412165 426 286
0016 9539412165 426 287
0016 9539412165 426 288
0016 9539412165 426 289
0016 9539412165 426 290
0016 9539412165 426 291
0016 9539412165 426 292
0016 9539412165 426 293
0016 9539412165 426 294
0016 9539412165 426 295
0016 9539412165 426 296
0016 9539412165 426 297
0016 9539412165 426 298
0016 9539412165 426 299
0016 9539412165 426 300
0016 9539412165 426 301
0016 9539412165 426 302
0016 9539412165 426 303
0016 9539412165 426 304
0016 9539412165 426 305
0016 9539412165 426 306
0016 9539412165 426 307
0016 9539412165 426 308
0016 9539412165 426 309
0016 9539412165 426 310
0016 9539412165 426 311
0016 9539412165 426 312
0016 9539412165 426 313
0016 9539412165 426 314
0016 9539412165 426 315
0016 9539412165 426 316
0016 9539412165 426 317
0016 9539412165 426 318
0016 9539412165 426 319
0016 9539412165 426 320
0016 9539412165 426 321
0016 9539412165 426 322
0016 9539412165 426 323
0016 9539412165 426 324
0016 9539412165 426 325
0016 9539412165 426 326
0016 9539412165 426 327
0016 9539412165 426 328
0016 9539412165 426 329
0016 9539412165 426 330
0016 9539412165 426 331
0016 9539412165 426 332
0016 9539412165 426 333
0016 9539412165 426 334
0016 9539412165 426 335
0016 9539412165 426 336
0016 9539412165 426 337
0016 9539412165 426 338
0016 9539412165 426 339
0016 9539412165 426 340
0016 9539412165 426 341
0016 9539412165 426 342
0016 9539412165 426 343
0016 9539412165 426 344
0016 9539412165 426 345
0016 9539412165 426 346
0016 9539412165 426 347
0016 9539412165 426 348
0016 9539412165 426 349
0016 9539412165 426 350
0016 9539412165 426 351
0016 9539412165 426 352
0016 9539412165 426 353
0016 9539412165 426 354
0016 9539412165 426 355
0016 9539412165 426 356
0016 9539412165 426 357
0016 9539412165 426 358
0016 9539412165 426 359
0016 9539412165 426 360
0016 9539412165 426 361
0016 9539412165 426 362
0016 9539412165 426 363
0016 9539412165 426 364
0016 9539412165 426 365
0016 9539412165 426 366
0016 9539412165 426 367
0016 9539412165 426 368
0016 9539412165 426 369
0016 9539412165 426 370
0016 9539412165 426 371
0016 9539412165 426 372
0016 9539412165 426 373
0016 9539412165 426 374
0016 9539412165 426 375
0016 9539412165 426 376
0016 9539412165 426 377
0016 9539412165 426 378
0016 9539412165 426 379
0016 9539412165 426 380
0016 9539412165 426 381
0016 9539412165 426 382
0016 9539412165 426 383
0016 9539412165 426 384
0016 9539412165 426 385
0016 9539412165 426 386
0016 9539412165 426 387
0016 9539412165 426 388
0016 9539412165 426 389
0016 9539412165 426 390
0016 9539412165 426 391
0016 9539412165 426 392
0016 9539412165 426 393
0016 9539412165 426 394
0016 9539412165 426 395
0016 9539412165 426 396
0016 9539412165 426 397
0016 9539412165 426 398
0016 9539412165 426 399
0016 9539412165 426 400
0016 9539412165 426 401
0016 9539412165 426 402
0016 9539412165 426 403
0016 9539412165 426 404
0016 9539412165 426 405
0016 9539412165 426 406
0016 9539412165 426 407
0016 9539412165 426 408
0016 9539412165 426 409
0016 9539412165 426 410
0016 9539412165 426 411
0016 9539412165 426 412
0016 9539412165 426 413
0016 9539412165 426 414
0016 9539412165 426 415
0016 9539412165 426 416
0016 9539412165 426 417
0016 9539412165 426 418
0016 9539412165 426 419
0016 9539412165 426 420
0016 9539412165 426 421
0016 9539412165 426 422
0016 9539412165 426 423
0016 9539412165 426 424
0016 9539412165 426 425
0016 9539412165 426 426
0017 10226201426 884 1
0017 10226201426 884 2
0017 10226201426 884 3
0017 10226201426 884 4
0017 10226201426 884 5
0017 10226201426 884 6
0017 10226201426 884 7
0017 10226201426 884 8
0017 10226201426 884 9
0017 10226201426 884 10
0017 10226201426 884 11
0017 10226201426 884 12
0017 10226201426 884 13
0017 10226201426 884 14
0017 10226201426 884 15
0017 10226201426 884 16
0017 10226201426 884 17
0017 10226201426 884 18
0017 10226201426 884 19
0017 10226201426 884 20
0017 10226201426 884 21
0017 10226201426 884 22
0017 10226201426 884 23
0017 10226201426 884 24
0017 10226201426 884 25
0017 10226201426 884 26
0017 10226201426 884 27
0017 10226201426 884 28
0017 10226201426 884 29
0017 10226201426 884 30
0017 10226201426 884 31
0017 10226201426 884 32
0017 10226201426 884 33
0017 10226201426 884 34
0017 10226201426 884 35
0017 10226201426 884 36
0017 10226201426 884 37
0017 10226201426 884 38
0017 10226201426 884 39
0017 10226201426 884 40
0017 10226201426 884 41
0017 10226201426 884 42
0017 10226201426 884 43
0017 10226201426 884 44
0017 10226201426 884 45
0017 10226201426 884 46
0017 10226201426 884 47
0017 10226201426 884 48
0017 10226201426 884 49
0017 10226201426 884 50
0017 10226201426 884 51
0017 10226201426 884 52
0017 10226201426 884 53
0017 10226201426 884 54
0017 10226201426 884 55
0017 10226201426 884 56
0017 10226201426 884 57
0017 10226201426 884 58
0017 10226201426 884 59
0017 10226201426 884 60
0017 10226201426 884 61
0017 10226201426 884 62
0017 10226201426 884 63
0017 10226201426 884 64
0017 10226201426 884 65
0017 10226201426 884 66
0017 10226201426 884 67
0017 10226201426 884 68
0017 10226201426 884 69
0017 10226201426 884 70
0017 10226201426 884 71
0017 10226201426 884 72
0017 10226201426 884 73
0017 10226201426 884 74
0017 10226201426 884 75
0017 10226201426 884 76
0017 10226201426 884 77
0017 10226201426 884 78
0017 10226201426 884 79
0017 10226201426 884 80
0017 10226201426 884 81
0017 10226201426 884 82
0017 10226201426 884 83
0017 10226201426 884 84
0017 10226201426 884 85
0017 10226201426 884 86
0017 10226201426 884 87
0017 10226201426 884 88
0017 10226201426 884 89
0017 10226201426 884 90
0017 10226201426 884 91
0017 10226201426 884 92
0017 10226201426 884 93
0017 10226201426 884 94
0017 10226201426 884 95
0017 10226201426 884 96
0017 10226201426 884 97
0017 10226201426 884 98
0017 10226201426 884 99
0017 10226201426 884 100
0017 10226201426 884 101
0017 10226201426 884 102
0017 10226201426 884 103
0017 10226201426 884 104
0017 10226201426 884 105
0017 10226201426 884 106
0017 10226201426 884 107
0017 10226201426 884 108
0017 10226201426 884 109
0017 10226201426 884 110
0017 10226201426 884 111
0017 10226201426 884 112
0017 10226201426 884 113
0017 10226201426 884 114
0017 10226201426 884 115
0017 10226201426 884 116
0017 10226201426 884 117
0017 10226201426 884 118
0017 10226201426 884 119
0017 10226201426 884 120
0017 10226201426 884 121
0017 10226201426 884 122
0017 10226201426 884 123
0017 10226201426 884 124
0017 10226201426 884 125
0017 10226201426 884 126
0017 10226201426 884 127
0017 10226201426 884 128
0017 10226201426 884 129
0017 10226201426 884 130
0017 10226201426 884 131
0017 10226201426 884 132
0017 10226201426 884 133
0017 10226201426 884 134
0017 10226201426 884 135
0017 10226201426 884 136
0017 10226201426 884 137
0017 10226201426 884 138
0017 10226201426 884 139
0017 10226201426 884 140
0017 10226201426 884 141
0017 10226201426 884 142
0017 10226201426 884 143
0017 10226201426 884 144
0017 10226201426 884 145
0017 10226201426 884 146
0017 10226201426 884 147
0017 10226201426 884 148
0017 10226201426 884 149
0017 10226201426 884 150
0017 10226201426 884 151
0017 10226201426 884 152
0017 10226201426 884 153
0017 10226201426 884 154
0017 10226201426 884 155
0017 10226201426 884 156
0017 10226201426 884 157
0017 10226201426 884 158
0017 10226201426 884 159
0017 10226201426 884 160
0017 10226201426 884 161
0017 10226201426 884 162
0017 10226201426 884 163
0017 10226201426 884 164
0017 10226201426 884 165
0017 10226201426 884 166
0017 10226201426 884 167
0017 10226201426 884 168
0017 10226201426 884 169
0017 10226201426 884 170
0017 10226201426 884 171
0017 10226201426 884 172
0017 10226201426 884 173
0017 10226201426 884 174
0017 10226201426 884 175
0017 10226201426 884 176
0017 10226201426 884 177
0017 10226201426 884 178
0017 10226201426 884 179
0017 10226201426 884 180
0017 10226201426 884 181
0017 10226201426 884 182
0017 10226201426 884 183
0017 10226201426 884 184
0017 10226201426 884 185
0017 10226201426 884 186
0017 10226201426 884 187
0017 10226201426 884 188
0017 10226201426 884 189
0017 10226201426 884 190
0017 10226201426 884 191
0017 10226201426 884 192
0017 10226201426 884 193
0017 10226201426 884 194
0017 10226201426 884 195
0017 10226201426 884 196
0017 10226201426 884 197
0017 10226201426 884 198
0017 10226201426 884 199
0017 10226201426 884 200
0017 10226201426 884 201
0017 10226201426 884 202
0017 10226201426 884 203
0017 10226201426 884 204
0017 10226201426 884 205
0017 10226201426 884 206
0017 10226201426 884 207
0017 10226201426 884 208
0017 10226201426 884 209
0017 10226201426 884 210
0017 10226201426 884 211
0017 10226201426 884 212
0017 10226201426 884 213
0017 10226201426 884 214
0017 10226201426 884 215
0017 10226201426 884 216
0017 10226201426 884 217
0017 10226201426 884 218
0017 10226201426 884 219
0017 10226201426 884 220
0017 10226201426 884 221
0017 10226201426 884 222
0017 10226201426 884 223
0017 10226201426 884 224
0017 10226201426 884 225
0017 10226201426 884 226
0017 10226201426 884 227
0017 10226201426 884 228
0017 10226201426 884 229
0017 10226201426 884 230
0017 10226201426 884 231
0017 10226201426 884 232
0017 10226201426 884 233
0017 10226201426 884 234
0017 10226201426 884 235
0017 10226201426 884 236
0017 10226201426 884 237
0017 10226201426 884 238
0017 10226201426 884 239
0017 10226201426 884 240
0017 10226201426 884 241
0017 10226201426 884 242
0017 10226201426 884 243
0017 10226201426 884 244
0017 10226201426 884 245
0017 10226201426 884 246
0017 10226201426 884 247
0017 10226201426 884 248
0017 10226201426 884 249
0017 10226201426 884 250
0017 10226201426 884 251
0017 10226201426 884 252
0017 10226201426 884 253
0017 10226201426 884 254
0017 10226201426 884 255
0017 10226201426 884 256
0017 10226201426 884 257
0017 10226201426 884 258
0017 10226201426 884 259
0017 10226201426 884 260
0017 10226201426 884 261
0017 10226201426 884 262
0017 10226201426 884 263
0017 10226201426 884 264
0017 10226201426 884 265
0017 10226201426 884 266
0017 10226201426 884 267
0017 10226201426 884 268
0017 10226201426 884 269
0017 10226201426 884 270
0017 10226201426 884 271
0017 10226201426 884 272
0017 10226201426 884 273
0017 10226201426 884 274
0017 10226201426 884 275
0017 10226201426 884 276
0017 10226201426 884 277
0017 10226201426 884 278
0017 10226201426 884 279
0017 10226201426 884 280
0017 10226201426 884 281
0017 10226201426 884 282
0017 10226201426 884 283
0017 10226201426 884 284
0017 10226201426 884 285
0017 10226201426 884 286
0017 10226201426 884 287
0017 10226201426 884 288
0017 10226201426 884 289
0017 10226201426 884 290
0017 10226201426 884 291
0017 10226201426 884 292
0017 10226201426 884 293
0017 10226201426 884 294
0017 10226201426 884 295
0017 10226201426 884 296
0017 10226201426 884 297
0017 10226201426 884 298
0017 10226201426 884 299
0017 10226201426 884 300
0017 10226201426 884 301
0017 10226201426 884 302
0017 10226201426 884 303
0017 10226201426 884 304
0017 10226201426 884 305
0017 10226201426 884 306
0017 10226201426 884 307
0017 10226201426 884 308
0017 10226201426 884 309
0017 10226201426 884 310
0017 10226201426 884 311
0017 10226201426 884 312
0017 10226201426 884 313
0017 10226201426 884 314
0017 10226201426 884 315
0017 10226201426 884 316
0017 10226201426 884 317
0017 10226201426 884 318
0017 10226201426 884 319
0017 10226201426 884 320
0017 10226201426 884 321
0017 10226201426 884 322
0017 10226201426 884 323
0017 10226201426 884 324
0017 10226201426 884 325
0017 10226201426 884 326
0017 10226201426 884 327
0017 10226201426 884 328
0017 10226201426 884 329
0017 10226201426 884 330
0017 10226201426 884 331
0017 10226201426 884 332
0017 10226201426 884 333
0017 10226201426 884 334
0017 10226201426 884 335
0017 10226201426 884 336
0017 10226201426 884 337
0017 10226201426 884 338
0017 10226201426 884 339
0017 10226201426 884 340
0017 10226201426 884 341
0017 10226201426 884 342
0017 10226201426 884 343
0017 10226201426 884 344
0017 10226201426 884 345
0017 10226201426 884 346
0017 10226201426 884 347
0017 10226201426 884 348
0017 10226201426 884 349
0017 10226201426 884 350
0017 10226201426 884 351
0017 10226201426 884 352
0017 10226201426 884 353
0017 10226201426 884 354
0017 10226201426 884 355
0017 10226201426 884 356
0017 10226201426 884 357
0017 10226201426 884 358
0017 10226201426 884 359
0017 10226201426 884 360
0017 10226201426 884 361
0017 10226201426 884 362
0017 10226201426 884 363
0017 10226201426 884 364
0017 10226201426 884 365
0017 10226201426 884 366
0017 10226201426 884 367
0017 10226201426 884 368
0017 10226201426 884 369
0017 10226201426 884 370
0017 10226201426 884 371
0017 10226201426 884 372
0017 10226201426 884 373
0017 10226201426 884 374
0017 10226201426 884 375
0017 10226201426 884 376
0017 10226201426 884 377
0017 10226201426 884 378
0017 10226201426 884 379
0017 10226201426 884 380
0017 10226201426 884 381
0017 10226201426 884 382
0017 10226201426 884 383
0017 10226201426 884 384
0017 10226201426 884 385
0017 10226201426 884 386
0017 10226201426 884 387
0017 10226201426 884 388
0017 10226201426 884 389
0017 10226201426 884 390
0017 10226201426 884 391
0017 10226201426 884 392
0017 10226201426 884 393
0017 10226201426 884 394
0017 10226201426 884 395
0017 10226201426 884 396
0017 10226201426 884 397
0017 10226201426 884 398
0017 10226201426 884 399
0017 10226201426 884 400
0017 10226201426 884 401
0017 10226201426 884 402
0017 10226201426 884 403
0017 10226201426 884 404
0017 10226201426 884 405
0017 10226201426 884 406
0017 10226201426 884 407
0017 10226201426 884 408
0017 10226201426 884 409
0017 10226201426 884 410
0017 10226201426 884 411
0017 10226201426 884 412
0017 10226201426 884 413
0017 10226201426 884 414
0017 10226201426 884 415
0017 10226201426 884 416
0017 10226201426 884 417
0017 10226201426 884 418
0017 10226201426 884 419
0017 10226201426 884 420
0017 10226201426 884 421
0017 10226201426 884 422
0017 10226201426 884 423
0017 10226201426 884 424
0017 10226201426 884 425
0017 10226201426 884 426
0017 10226201426 884 427
0017 10226201426 884 428
0017 10226201426 884 429
0017 10226201426 884 430
0017 10226201426 884 431
0017 10226201426 884 432
0017 10226201426 884 433
0017 10226201426 884 434
0017 10226201426 884 435
0017 10226201426 884 436
0017 10226201426 884 437
0017 10226201426 884 438
0017 10226201426 884 439
0017 10226201426 884 440
0017 10226201426 884 441
0017 10226201426 884 442
0017 10226201426 884 443
0017 10226201426 884 444
0017 10226201426 884 445
0017 10226201426 884 446
0017 10226201426 884 447
0017 10226201426 884 448
0017 10226201426 884 449
0017 10226201426 884 450
0017 10226201426 884 451
0017 10226201426 884 452
0017 10226201426 884 453
0017 10226201426 884 454
0017 10226201426 884 455
0017 10226201426 884 456
0017 10226201426 884 457
0017 10226201426 884 458
0017 10226201426 884 459
0017 10226201426 884 460
0017 10226201426 884 461
0017 10226201426 884 462
0017 10226201426 884 463
0017 10226201426 884 464
0017 10226201426 884 465
0017 10226201426 884 466
0017 10226201426 884 467
0017 10226201426 884 468
0017 10226201426 884 469
0017 10226201426 884 470
0017 10226201426 884 471
0017 10226201426 884 472
0017 10226201426 884 473
0017 10226201426 884 474
0017 10226201426 884 475
0017 10226201426 884 476
0017 10226201426 884 477
0017 10226201426 884 478
0017 10226201426 884 479
0017 10226201426 884 480
0017 10226201426 884 481
0017 10226201426 884 482
0017 10226201426 884 483
0017 10226201426 884 484
0017 10226201426 884 485
0017 10226201426 884 486
0017 10226201426 884 487
0017 10226201426 884 488
0017 10226201426 884 489
0017 10226201426 884 490
0017 10226201426 884 491
0017 10226201426 884 492
0017 10226201426 884 493
0017 10226201426 884 494
0017 10226201426 884 495
0017 10226201426 884 496
0017 10226201426 884 497
0017 10226201426 884 498
0017 10226201426 884 499
0017 10226201426 884 500
0017 10226201426 884 501
0017 10226201426 884 502
0017 10226201426 884 503
0017 10226201426 884 504
0017 10226201426 884 505
0017 10226201426 884 506
0017 10226201426 884 507
0017 10226201426 884 508
0017 10226201426 884 509
0017 10226201426 884 510
0017 10226201426 884 511
0017 10226201426 884 512
0017 10226201426 884 513
0017 10226201426 884 514
0017 10226201426 884 515
0017 10226201426 884 516
0017 10226201426 884 517
0017 10226201426 884 518
0017 10226201426 884 519
0017 10226201426 884 520
0017 10226201426 884 521
0017 10226201426 884 522
0017 10226201426 884 523
0017 10226201426 884 524
0017 10226201426 884 525
0017 10226201426 884 526
0017 10226201426 884 527
0017 10226201426 884 528
0017 10226201426 884 529
0017 10226201426 884 530
0017 10226201426 884 531
0017 10226201426 884 532
0017 10226201426 884 533
0017 10226201426 884 534
0017 10226201426 884 535
0017 10226201426 884 536
0017 10226201426 884 537
0017 10226201426 884 538
0017 10226201426 884 539
0017 10226201426 884 540
0017 10226201426 884 541
0017 10226201426 884 542
0017 10226201426 884 543
0017 10226201426 884 544
0017 10226201426 884 545
0017 10226201426 884 546
0017 10226201426 884 547
0017 10226201426 884 548
0017 10226201426 884 549
0017 10226201426 884 550
0017 10226201426 884 551
0017 10226201426 884 552
0017 10226201426 884 553
0017 10226201426 884 554
0017 10226201426 884 555
0017 10226201426 884 556
0017 10226201426 884 557
0017 10226201426 884 558
0017 10226201426 884 559
0017 10226201426 884 560
0017 10226201426 884 561
0017 10226201426 884 562
0017 10226201426 884 563
0017 10226201426 884 564
0017 10226201426 884 565
0017 10226201426 884 566
0017 10226201426 884 567
0017 10226201426 884 568
0017 10226201426 884 569
0017 10226201426 884 570
0017 10226201426 884 571
0017 10226201426 884 572
0017 10226201426 884 573
0017 10226201426 884 574
0017 10226201426 884 575
0017 10226201426 884 576
0017 10226201426 884 577
0017 10226201426 884 578
0017 10226201426 884 579
0017 10226201426 884 580
0017 10226201426 884 581
0017 10226201426 884 582
0017 10226201426 884 583
0017 10226201426 884 584
0017 10226201426 884 585
0017 10226201426 884 586
0017 10226201426 884 587
0017 10226201426 884 588
0017 10226201426 884 589
0017 10226201426 884 590
0017 10226201426 884 591
0017 10226201426 884 592
0017 10226201426 884 593
0017 10226201426 884 594
0017 10226201426 884 595
0017 10226201426 884 596
0017 10226201426 884 597
0017 10226201426 884 598
0017 10226201426 884 599
0017 10226201426 884 600
0017 10226201426 884 601
0017 10226201426 884 602
0017 10226201426 884 603
0017 10226201426 884 604
0017 10226201426 884 605
0017 10226201426 884 606
0017 10226201426 884 607
0017 10226201426 884 608
0017 10226201426 884 609
0017 10226201426 884 610
0017 10226201426 884 611
0017 10226201426 884 612
0017 10226201426 884 613
0017 10226201426 884 614
0017 10226201426 884 615
0017 10226201426 884 616
0017 10226201426 884 617
0017 10226201426 884 618
0017 10226201426 884 619
0017 10226201426 884 620
0017 10226201426 884 621
0017 10226201426 884 622
0017 10226201426 884 623
0017 10226201426 884 624
0017 10226201426 884 625
0017 10226201426 884 626
0017 10226201426 884 627
0017 10226201426 884 628
0017 10226201426 884 629
0017 10226201426 884 630
0017 10226201426 884 631
0017 10226201426 884 632
0017 10226201426 884 633
0017 10226201426 884 634
0017 10226201426 884 635
0017 10226201426 884 636
0017 10226201426 884 637
0017 10226201426 884 638
0017 10226201426 884 639
0017 10226201426 884 640
0017 10226201426 884 641
0017 10226201426 884 642
0017 10226201426 884 643
0017 10226201426 884 644
0017 10226201426 884 645
0017 10226201426 884 646
0017 10226201426 884 647
0017 10226201426 884 648
0017 10226201426 884 649
0017 10226201426 884 650
0017 10226201426 884 651
0017 10226201426 884 652
0017 10226201426 884 653
0017 10226201426 884 654
0017 10226201426 884 655
0017 10226201426 884 656
0017 10226201426 884 657
0017 10226201426 884 658
0017 10226201426 884 659
0017 10226201426 884 660
0017 10226201426 884 661
0017 10226201426 884 662
0017 10226201426 884 663
0017 10226201426 884 664
0017 10226201426 884 665
0017 10226201426 884 666
0017 10226201426 884 667
0017 10226201426 884 668
0017 10226201426 884 669
0017 10226201426 884 670
0017 10226201426 884 671
0017 10226201426 884 672
0017 10226201426 884 673
0017 10226201426 884 674
0017 10226201426 884 675
0017 10226201426 884 676
0017 10226201426 884 677
0017 10226201426 884 678
0017 10226201426 884 679
0017 10226201426 884 680
0017 10226201426 884 681
0017 10226201426 884 682
0017 10226201426 884 683
0017 10226201426 884 684
0017 10226201426 884 685
0017 10226201426 884 686
0017 10226201426 884 687
0017 10226201426 884 688
0017 10226201426 884 689
0017 10226201426 884 690
0017 10226201426 884 691
0017 10226201426 884 692
0017 10226201426 884 693
0017 10226201426 884 694
0017 10226201426 884 695
0017 10226201426 884 696
0017 10226201426 884 697
0017 10226201426 884 698
0017 10226201426 884 699
0017 10226201426 884 700
0017 10226201426 884 701
0017 10226201426 884 702
0017 10226201426 884 703
0017 10226201426 884 704
0017 10226201426 884 705
0017 10226201426 884 706
0017 10226201426 884 707
0017 10226201426 884 708
0017 10226201426 884 709
0017 10226201426 884 710
0017 10226201426 884 711
0017 10226201426 884 712
0017 10226201426 884 713
0017 10226201426 884 714
0017 10226201426 884 715
0017 10226201426 884 716
0017 10226201426 884 717
0017 10226201426 884 718
0017 10226201426 884 719
0017 10226201426 884 720
0017 10226201426 884 721
0017 10226201426 884 722
0017 10226201426 884 723
0017 10226201426 884 724
0017 10226201426 884 725
0017 10226201426 884 726
0017 10226201426 884 727
0017 10226201426 884 728
0017 10226201426 884 729
0017 10226201426 884 730
0017 10226201426 884 731
0017 10226201426 884 732
0017 10226201426 884 733
0017 10226201426 884 734
0017 10226201426 884 735
0017 10226201426 884 736
0017 10226201426 884 737
0017 10226201426 884 738
0017 10226201426 884 739
0017 10226201426 884 740
0017 10226201426 884 741
0017 10226201426 884 742
0017 10226201426 884 743
0017 10226201426 884 744
0017 10226201426 884 745
0017 10226201426 884 746
0017 10226201426 884 747
0017 10226201426 884 748
0017 10226201426 884 749
0017 10226201426 884 750
0017 10226201426 884 751
0017 10226201426 884 752
0017 10226201426 884 753
0017 10226201426 884 754
0017 10226201426 884 755
0017 10226201426 884 756
0017 10226201426 884 757
0017 10226201426 884 758
0017 10226201426 884 759
0017 10226201426 884 760
0017 10226201426 884 761
0017 10226201426 884 762
0017 10226201426 884 763
0017 10226201426 884 764
0017 10226201426 884 765
0017 10226201426 884 766
0017 10226201426 884 767
0017 10226201426 884 768
0017 10226201426 884 769
0017 10226201426 884 770
0017 10226201426 884 771
0017 10226201426 884 772
0017 10226201426 884 773
0017 10226201426 884 774
0017 10226201426 884 775
0017 10226201426 884 776
0017 10226201426 884 777
0017 10226201426 884 778
0017 10226201426 884 779
0017 10226201426 884 780
0017 10226201426 884 781
0017 10226201426 884 782
0017 10226201426 884 783
0017 10226201426 884 784
0017 10226201426 884 785
0017 10226201426 884 786
0017 10226201426 884 787
0017 10226201426 884 788
0017 10226201426 884 789
0017 10226201426 884 790
0017 10226201426 884 791
0017 10226201426 884 792
0017 10226201426 884 793
0017 10226201426 884 794
0017 10226201426 884 795
0017 10226201426 884 796
0017 10226201426 884 797
0017 10226201426 884 798
0017 10226201426 884 799
0017 10226201426 884 800
0017 10226201426 884 801
0017 10226201426 884 802
0017 10226201426 884 803
0017 10226201426 884 804
0017 10226201426 884 805
0017 10226201426 884 806
0017 10226201426 884 807
0017 10226201426 884 808
0017 10226201426 884 809
0017 10226201426 884 810
0017 10226201426 884 811
0017 10226201426 884 812
0017 10226201426 884 813
0017 10226201426 884 814
0017 10226201426 884 815
0017 10226201426 884 816
0017 10226201426 884 817
0017 10226201426 884 818
0017 10226201426 884 819
0017 10226201426 884 820
0017 10226201426 884 821
0017 10226201426 884 822
0017 10226201426 884 823
0017 10226201426 884 824
0017 10226201426 884 825
0017 10226201426 884 826
0017 10226201426 884 827
0017 10226201426 884 828
0017 10226201426 884 829
0017 10226201426 884 830
0017 10226201426 884 831
0017 10226201426 884 832
0017 10226201426 884 833
0017 10226201426 884 834
0017 10226201426 884 835
0017 10226201426 884 836
0017 10226201426 884 837
0017 10226201426 884 838
0017 10226201426 884 839
0017 10226201426 884 840
0017 10226201426 884 841
0017 10226201426 884 842
0017 10226201426 884 843
0017 10226201426 884 844
0017 10226201426 884 845
0017 10226201426 884 846
0017 10226201426 884 847
0017 10226201426 884 848
0017 10226201426 884 849
0017 10226201426 884 850
0017 10226201426 884 851
0017 10226201426 884 852
0017 10226201426 884 853
0017 10226201426 884 854
0017 10226201426 884 855
0017 10226201426 884 856
0017 10226201426 884 857
0017 10226201426 884 858
0017 10226201426 884 859
0017 10226201426 884 860
0017 10226201426 884 861
0017 10226201426 884 862
0017 10226201426 884 863
0017 10226201426 884 864
0017 10226201426 884 865
0017 10226201426 884 866
0017 10226201426 884 867
0017 10226201426 884 868
0017 10226201426 884 869
0017 10226201426 884 870
0017 10226201426 884 871
0017 10226201426 884 872
0017 10226201426 884 873
0017 10226201426 884 874
0017 10226201426 884 875
0017 10226201426 884 876
0017 10226201426 884 877
0017 10226201426 884 878
0017 10226201426 884 879
0017 10226201426 884 880
0017 10226201426 884 881
0017 10226201426 884 882
0017 10226201426 884 883
0017 10226201426 884 884
0017 10574181535 140 1
0017 10574181535 140 2
0017 10574181535 140 3
0017 10574181535 140 4
0017 10574181535 140 5
0017 10574181535 140 6
0017 10574181535 140 7
0017 10574181535 140 8
0017 10574181535 140 9
0017 10574181535 140 10
0017 10574181535 140 11
0017 10574181535 140 12
0017 10574181535 140 13
0017 10574181535 140 14
0017 10574181535 140 15
0017 10574181535 140 16
0017 10574181535 140 17
0017 10574181535 140 18
0017 10574181535 140 19
0017 10574181535 140 20
0017 10574181535 140 21
0017 10574181535 140 22
0017 10574181535 140 23
0017 10574181535 140 24
0017 10574181535 140 25
0017 10574181535 140 26
0017 10574181535 140 27
0017 10574181535 140 28
0017 10574181535 140 29
0017 10574181535 140 30
0017 10574181535 140 31
0017 10574181535 140 32
0017 10574181535 140 33
0017 10574181535 140 34
0017 10574181535 140 35
0017 10574181535 140 36
0017 10574181535 140 37
0017 10574181535 140 38
0017 10574181535 140 39
0017 10574181535 140 40
0017 10574181535 140 41
0017 10574181535 140 42
0017 10574181535 140 43
0017 10574181535 140 44
0017 10574181535 140 45
0017 10574181535 140 46
0017 10574181535 140 47
0017 10574181535 140 48
0017 10574181535 140 49
0017 10574181535 140 50
0017 10574181535 140 51
0017 10574181535 140 52
0017 10574181535 140 53
0017 10574181535 140 54
0017 10574181535 140 55
0017 10574181535 140 56
0017 10574181535 140 57
0017 10574181535 140 58
0017 10574181535 140 59
0017 10574181535 140 60
0017 10574181535 140 61
0017 10574181535 140 62
0017 10574181535 140 63
0017 10574181535 140 64
0017 10574181535 140 65
0017 10574181535 140 66
0017 10574181535 140 67
0017 10574181535 140 68
0017 10574181535 140 69
0017 10574181535 140 70
0017 10574181535 140 71
0017 10574181535 140 72
0017 10574181535 140 73
0017 10574181535 140 74
0017 10574181535 140 75
0017 10574181535 140 76
0017 10574181535 140 77
0017 10574181535 140 78
0017 10574181535 140 79
0017 10574181535 140 80
0017 10574181535 140 81
0017 10574181535 140 82
0017 10574181535 140 83
0017 10574181535 140 84
0017 10574181535 140 85
0017 10574181535 140 86
0017 10574181535 140 87
0017 10574181535 140 88
0017 10574181535 140 89
0017 10574181535 140 90
0017 10574181535 140 91
0017 10574181535 140 92
0017 10574181535 140 93
0017 10574181535 140 94
0017 10574181535 140 95
0017 10574181535 140 96
0017 10574181535 140 97
0017 10574181535 140 98
0017 10574181535 140 99
0017 10574181535 140 100
0017 10574181535 140 101
0017 10574181535 140 102
0017 10574181535 140 103
0017 10574181535 140 104
0017 10574181535 140 105
0017 10574181535 140 106
0017 10574181535 140 107
0017 10574181535 140 108
0017 10574181535 140 109
0017 10574181535 140 110
0017 10574181535 140 111
0017 10574181535 140 112
0017 10574181535 140 113
0017 10574181535 140 114
0017 10574181535 140 115
0017 10574181535 140 116
0017 10574181535 140 117
0017 10574181535 140 118
0017 10574181535 140 119
0017 10574181535 140 120
0017 10574181535 140 121
0017 10574181535 140 122
0017 10574181535 140 123
0017 10574181535 140 124
0017 10574181535 140 125
0017 10574181535 140 126
0017 10574181535 140 127
0017 10574181535 140 128
0017 10574181535 140 129
0017 10574181535 140 130
0017 10574181535 140 131
0017 10574181535 140 132
0017 10574181535 140 133
0017 10574181535 140 134
0017 10574181535 140 135
0017 10574181535 140 136
0017 10574181535 140 137
0017 10574181535 140 138
0017 10574181535 140 139
0017 10574181535 140 140
0017 11679397226 712 1
0017 11679397226 712 2
0017 11679397226 712 3
0017 11679397226 712 4
0017 11679397226 712 5
0017 11679397226 712 6
0017 11679397226 712 7
0017 11679397226 712 8
0017 11679397226 712 9
0017 11679397226 712 10
0017 11679397226 712 11
0017 11679397226 712 12
0017 11679397226 712 13
0017 11679397226 712 14
0017 11679397226 712 15
0017 11679397226 712 16
0017 11679397226 712 17
0017 11679397226 712 18
0017 11679397226 712 19
0017 11679397226 712 20
0017 11679397226 712 21
0017 11679397226 712 22
0017 11679397226 712 23
0017 11679397226 712 24
0017 11679397226 712 25
0017 11679397226 712 26
0017 11679397226 712 27
0017 11679397226 712 28
0017 11679397226 712 29
0017 11679397226 712 30
0017 11679397226 712 31
0017 11679397226 712 32
0017 11679397226 712 33
0017 11679397226 712 34
0017 11679397226 712 35
0017 11679397226 712 36
0017 11679397226 712 37
0017 11679397226 712 38
0017 11679397226 712 39
0017 11679397226 712 40
0017 11679397226 712 41
0017 11679397226 712 42
0017 11679397226 712 43
0017 11679397226 712 44
0017 11679397226 712 45
0017 11679397226 712 46
0017 11679397226 712 47
0017 11679397226 712 48
0017 11679397226 712 49
0017 11679397226 712 50
0017 11679397226 712 51
0017 11679397226 712 52
0017 11679397226 712 53
0017 11679397226 712 54
0017 11679397226 712 55
0017 11679397226 712 56
0017 11679397226 712 57
0017 11679397226 712 58
0017 11679397226 712 59
0017 11679397226 712 60
0017 11679397226 712 61
0017 11679397226 712 62
0017 11679397226 712 63
0017 11679397226 712 64
0017 11679397226 712 65
0017 11679397226 712 66
0017 11679397226 712 67
0017 11679397226 712 68
0017 11679397226 712 69
0017 11679397226 712 70
0017 11679397226 712 71
0017 11679397226 712 72
0017 11679397226 712 73
0017 11679397226 712 74
0017 11679397226 712 75
0017 11679397226 712 76
0017 11679397226 712 77
0017 11679397226 712 78
0017 11679397226 712 79
0017 11679397226 712 80
0017 11679397226 712 81
0017 11679397226 712 82
0017 11679397226 712 83
0017 11679397226 712 84
0017 11679397226 712 85
0017 11679397226 712 86
0017 11679397226 712 87
0017 11679397226 712 88
0017 11679397226 712 89
0017 11679397226 712 90
0017 11679397226 712 91
0017 11679397226 712 92
0017 11679397226 712 93
0017 11679397226 712 94
0017 11679397226 712 95
0017 11679397226 712 96
0017 11679397226 712 97
0017 11679397226 712 98
0017 11679397226 712 99
0017 11679397226 712 100
0017 11679397226 712 101
0017 11679397226 712 102
0017 11679397226 712 103
0017 11679397226 712 104
0017 11679397226 712 105
0017 11679397226 712 106
0017 11679397226 712 107
0017 11679397226 712 108
0017 11679397226 712 109
0017 11679397226 712 110
0017 11679397226 712 111
0017 11679397226 712 112
0017 11679397226 712 113
0017 11679397226 712 114
0017 11679397226 712 115
0017 11679397226 712 116
0017 11679397226 712 117
0017 11679397226 712 118
0017 11679397226 712 119
0017 11679397226 712 120
0017 11679397226 712 121
0017 11679397226 712 122
0017 11679397226 712 123
0017 11679397226 712 124
0017 11679397226 712 125
0017 11679397226 712 126
0017 11679397226 712 127
0017 11679397226 712 128
0017 11679397226 712 129
0017 11679397226 712 130
0017 11679397226 712 131
0017 11679397226 712 132
0017 11679397226 712 133
0017 11679397226 712 134
0017 11679397226 712 135
0017 11679397226 712 136
0017 11679397226 712 137
0017 11679397226 712 138
0017 11679397226 712 139
0017 11679397226 712 140
0017 11679397226 712 141
0017 11679397226 712 142
0017 11679397226 712 143
0017 11679397226 712 144
0017 11679397226 712 145
0017 11679397226 712 146
0017 11679397226 712 147
0017 11679397226 712 148
0017 11679397226 712 149
0017 11679397226 712 150
0017 11679397226 712 151
0017 11679397226 712 152
0017 11679397226 712 153
0017 11679397226 712 154
0017 11679397226 712 155
0017 11679397226 712 156
0017 11679397226 712 157
0017 11679397226 712 158
0017 11679397226 712 159
0017 11679397226 712 160
0017 11679397226 712 161
0017 11679397226 712 162
0017 11679397226 712 163
0017 11679397226 712 164
0017 11679397226 712 165
0017 11679397226 712 166
0017 11679397226 712 167
0017 11679397226 712 168
0017 11679397226 712 169
0017 11679397226 712 170
0017 11679397226 712 171
0017 11679397226 712 172
0017 11679397226 712 173
0017 11679397226 712 174
0017 11679397226 712 175
0017 11679397226 712 176
0017 11679397226 712 177
0017 11679397226 712 178
0017 11679397226 712 179
0017 11679397226 712 180
0017 11679397226 712 181
0017 11679397226 712 182
0017 11679397226 712 183
0017 11679397226 712 184
0017 11679397226 712 185
0017 11679397226 712 186
0017 11679397226 712 187
0017 11679397226 712 188
0017 11679397226 712 189
0017 11679397226 712 190
0017 11679397226 712 191
0017 11679397226 712 192
0017 11679397226 712 193
0017 11679397226 712 194
0017 11679397226 712 195
0017 11679397226 712 196
0017 11679397226 712 197
0017 11679397226 712 198
0017 11679397226 712 199
0017 11679397226 712 200
0017 11679397226 712 201
0017 11679397226 712 202
0017 11679397226 712 203
0017 11679397226 712 204
0017 11679397226 712 205
0017 11679397226 712 206
0017 11679397226 712 207
0017 11679397226 712 208
0017 11679397226 712 209
0017 11679397226 712 210
0017 11679397226 712 211
0017 11679397226 712 212
0017 11679397226 712 213
0017 11679397226 712 214
0017 11679397226 712 215
0017 11679397226 712 216
0017 11679397226 712 217
0017 11679397226 712 218
0017 11679397226 712 219
0017 11679397226 712 220
0017 11679397226 712 221
0017 11679397226 712 222
0017 11679397226 712 223
0017 11679397226 712 224
0017 11679397226 712 225
0017 11679397226 712 226
0017 11679397226 712 227
0017 11679397226 712 228
0017 11679397226 712 229
0017 11679397226 712 230
0017 11679397226 712 231
0017 11679397226 712 232
0017 11679397226 712 233
0017 11679397226 712 234
0017 11679397226 712 235
0017 11679397226 712 236
0017 11679397226 712 237
0017 11679397226 712 238
0017 11679397226 712 239
0017 11679397226 712 240
0017 11679397226 712 241
0017 11679397226 712 242
0017 11679397226 712 243
0017 11679397226 712 244
0017 11679397226 712 245
0017 11679397226 712 246
0017 11679397226 712 247
0017 11679397226 712 248
0017 11679397226 712 249
0017 11679397226 712 250
0017 11679397226 712 251
0017 11679397226 712 252
0017 11679397226 712 253
0017 11679397226 712 254
0017 11679397226 712 255
0017 11679397226 712 256
0017 11679397226 712 257
0017 11679397226 712 258
0017 11679397226 712 259
0017 11679397226 712 260
0017 11679397226 712 261
0017 11679397226 712 262
0017 11679397226 712 263
0017 11679397226 712 264
0017 11679397226 712 265
0017 11679397226 712 266
0017 11679397226 712 267
0017 11679397226 712 268
0017 11679397226 712 269
0017 11679397226 712 270
0017 11679397226 712 271
0017 11679397226 712 272
0017 11679397226 712 273
0017 11679397226 712 274
0017 11679397226 712 275
0017 11679397226 712 276
0017 11679397226 712 277
0017 11679397226 712 278
0017 11679397226 712 279
0017 11679397226 712 280
0017 11679397226 712 281
0017 11679397226 712 282
0017 11679397226 712 283
0017 11679397226 712 284
0017 11679397226 712 285
0017 11679397226 712 286
0017 11679397226 712 287
0017 11679397226 712 288
0017 11679397226 712 289
0017 11679397226 712 290
0017 11679397226 712 291
0017 11679397226 712 292
0017 11679397226 712 293
0017 11679397226 712 294
0017 11679397226 712 295
0017 11679397226 712 296
0017 11679397226 712 297
0017 11679397226 712 298
0017 11679397226 712 299
0017 11679397226 712 300
0017 11679397226 712 301
0017 11679397226 712 302
0017 11679397226 712 303
0017 11679397226 712 304
0017 11679397226 712 305
0017 11679397226 712 306
0017 11679397226 712 307
0017 11679397226 712 308
0017 11679397226 712 309
0017 11679397226 712 310
0017 11679397226 712 311
0017 11679397226 712 312
0017 11679397226 712 313
0017 11679397226 712 314
0017 11679397226 712 315
0017 11679397226 712 316
0017 11679397226 712 317
0017 11679397226 712 318
0017 11679397226 712 319
0017 11679397226 712 320
0017 11679397226 712 321
0017 11679397226 712 322
0017 11679397226 712 323
0017 11679397226 712 324
0017 11679397226 712 325
0017 11679397226 712 326
0017 11679397226 712 327
0017 11679397226 712 328
0017 11679397226 712 329
0017 11679397226 712 330
0017 11679397226 712 331
0017 11679397226 712 332
0017 11679397226 712 333
0017 11679397226 712 334
0017 11679397226 712 335
0017 11679397226 712 336
0017 11679397226 712 337
0017 11679397226 712 338
0017 11679397226 712 339
0017 11679397226 712 340
0017 11679397226 712 341
0017 11679397226 712 342
0017 11679397226 712 343
0017 11679397226 712 344
0017 11679397226 712 345
0017 11679397226 712 346
0017 11679397226 712 347
0017 11679397226 712 348
0017 11679397226 712 349
0017 11679397226 712 350
0017 11679397226 712 351
0017 11679397226 712 352
0017 11679397226 712 353
0017 11679397226 712 354
0017 11679397226 712 355
0017 11679397226 712 356
0017 11679397226 712 357
0017 11679397226 712 358
0017 11679397226 712 359
0017 11679397226 712 360
0017 11679397226 712 361
0017 11679397226 712 362
0017 11679397226 712 363
0017 11679397226 712 364
0017 11679397226 712 365
0017 11679397226 712 366
0017 11679397226 712 367
0017 11679397226 712 368
0017 11679397226 712 369
0017 11679397226 712 370
0017 11679397226 712 371
0017 11679397226 712 372
0017 11679397226 712 373
0017 11679397226 712 374
0017 11679397226 712 375
0017 11679397226 712 376
0017 11679397226 712 377
0017 11679397226 712 378
0017 11679397226 712 379
0017 11679397226 712 380
0017 11679397226 712 381
0017 11679397226 712 382
0017 11679397226 712 383
0017 11679397226 712 384
0017 11679397226 712 385
0017 11679397226 712 386
0017 11679397226 712 387
0017 11679397226 712 388
0017 11679397226 712 389
0017 11679397226 712 390
0017 11679397226 712 391
0017 11679397226 712 392
0017 11679397226 712 393
0017 11679397226 712 394
0017 11679397226 712 395
0017 11679397226 712 396
0017 11679397226 712 397
0017 11679397226 712 398
0017 11679397226 712 399
0017 11679397226 712 400
0017 11679397226 712 401
0017 11679397226 712 402
0017 11679397226 712 403
0017 11679397226 712 404
0017 11679397226 712 405
0017 11679397226 712 406
0017 11679397226 712 407
0017 11679397226 712 408
0017 11679397226 712 409
0017 11679397226 712 410
0017 11679397226 712 411
0017 11679397226 712 412
0017 11679397226 712 413
0017 11679397226 712 414
0017 11679397226 712 415
0017 11679397226 712 416
0017 11679397226 712 417
0017 11679397226 712 418
0017 11679397226 712 419
0017 11679397226 712 420
0017 11679397226 712 421
0017 11679397226 712 422
0017 11679397226 712 423
0017 11679397226 712 424
0017 11679397226 712 425
0017 11679397226 712 426
0017 11679397226 712 427
0017 11679397226 712 428
0017 11679397226 712 429
0017 11679397226 712 430
0017 11679397226 712 431
0017 11679397226 712 432
0017 11679397226 712 433
0017 11679397226 712 434
0017 11679397226 712 435
0017 11679397226 712 436
0017 11679397226 712 437
0017 11679397226 712 438
0017 11679397226 712 439
0017 11679397226 712 440
0017 11679397226 712 441
0017 11679397226 712 442
0017 11679397226 712 443
0017 11679397226 712 444
0017 11679397226 712 445
0017 11679397226 712 446
0017 11679397226 712 447
0017 11679397226 712 448
0017 11679397226 712 449
0017 11679397226 712 450
0017 11679397226 712 451
0017 11679397226 712 452
0017 11679397226 712 453
0017 11679397226 712 454
0017 11679397226 712 455
0017 11679397226 712 456
0017 11679397226 712 457
0017 11679397226 712 458
0017 11679397226 712 459
0017 11679397226 712 460
0017 11679397226 712 461
0017 11679397226 712 462
0017 11679397226 712 463
0017 11679397226 712 464
0017 11679397226 712 465
0017 11679397226 712 466
0017 11679397226 712 467
0017 11679397226 712 468
0017 11679397226 712 469
0017 11679397226 712 470
0017 11679397226 712 471
0017 11679397226 712 472
0017 11679397226 712 473
0017 11679397226 712 474
0017 11679397226 712 475
0017 11679397226 712 476
0017 11679397226 712 477
0017 11679397226 712 478
0017 11679397226 712 479
0017 11679397226 712 480
0017 11679397226 712 481
0017 11679397226 712 482
0017 11679397226 712 483
0017 11679397226 712 484
0017 11679397226 712 485
0017 11679397226 712 486
0017 11679397226 712 487
0017 11679397226 712 488
0017 11679397226 712 489
0017 11679397226 712 490
0017 11679397226 712 491
0017 11679397226 712 492
0017 11679397226 712 493
0017 11679397226 712 494
0017 11679397226 712 495
0017 11679397226 712 496
0017 11679397226 712 497
0017 11679397226 712 498
0017 11679397226 712 499
0017 11679397226 712 500
0017 11679397226 712 501
0017 11679397226 712 502
0017 11679397226 712 503
0017 11679397226 712 504
0017 11679397226 712 505
0017 11679397226 712 506
0017 11679397226 712 507
0017 11679397226 712 508
0017 11679397226 712 509
0017 11679397226 712 510
0017 11679397226 712 511
0017 11679397226 712 512
0017 11679397226 712 513
0017 11679397226 712 514
0017 11679397226 712 515
0017 11679397226 712 516
0017 11679397226 712 517
0017 11679397226 712 518
0017 11679397226 712 519
0017 11679397226 712 520
0017 11679397226 712 521
0017 11679397226 712 522
0017 11679397226 712 523
0017 11679397226 712 524
0017 11679397226 712 525
0017 11679397226 712 526
0017 11679397226 712 527
0017 11679397226 712 528
0017 11679397226 712 529
0017 11679397226 712 530
0017 11679397226 712 531
0017 11679397226 712 532
0017 11679397226 712 533
0017 11679397226 712 534
0017 11679397226 712 535
0017 11679397226 712 536
0017 11679397226 712 537
0017 11679397226 712 538
0017 11679397226 712 539
0017 11679397226 712 540
0017 11679397226 712 541
0017 11679397226 712 542
0017 11679397226 712 543
0017 11679397226 712 544
0017 11679397226 712 545
0017 11679397226 712 546
0017 11679397226 712 547
0017 11679397226 712 548
0017 11679397226 712 549
0017 11679397226 712 550
0017 11679397226 712 551
0017 11679397226 712 552
0017 11679397226 712 553
0017 11679397226 712 554
0017 11679397226 712 555
0017 11679397226 712 556
0017 11679397226 712 557
0017 11679397226 712 558
0017 11679397226 712 559
0017 11679397226 712 560
0017 11679397226 712 561
0017 11679397226 712 562
0017 11679397226 712 563
0017 11679397226 712 564
0017 11679397226 712 565
0017 11679397226 712 566
0017 11679397226 712 567
0017 11679397226 712 568
0017 11679397226 712 569
0017 11679397226 712 570
0017 11679397226 712 571
0017 11679397226 712 572
0017 11679397226 712 573
0017 11679397226 712 574
0017 11679397226 712 575
0017 11679397226 712 576
0017 11679397226 712 577
0017 11679397226 712 578
0017 11679397226 712 579
0017 11679397226 712 580
0017 11679397226 712 581
0017 11679397226 712 582
0017 11679397226 712 583
0017 11679397226 712 584
0017 11679397226 712 585
0017 11679397226 712 586
0017 11679397226 712 587
0017 11679397226 712 588
0017 11679397226 712 589
0017 11679397226 712 590
0017 11679397226 712 591
0017 11679397226 712 592
0017 11679397226 712 593
0017 11679397226 712 594
0017 11679397226 712 595
0017 11679397226 712 596
0017 11679397226 712 597
0017 11679397226 712 598
0017 11679397226 712 599
0017 11679397226 712 600
0017 11679397226 712 601
0017 11679397226 712 602
0017 11679397226 712 603
0017 11679397226 712 604
0017 11679397226 712 605
0017 11679397226 712 606
0017 11679397226 712 607
0017 11679397226 712 608
0017 11679397226 712 609
0017 11679397226 712 610
0017 11679397226 712 611
0017 11679397226 712 612
0017 11679397226 712 613
0017 11679397226 712 614
0017 11679397226 712 615
0017 11679397226 712 616
0017 11679397226 712 617
0017 11679397226 712 618
0017 11679397226 712 619
0017 11679397226 712 620
0017 11679397226 712 621
0017 11679397226 712 622
0017 11679397226 712 623
0017 11679397226 712 624
0017 11679397226 712 625
0017 11679397226 712 626
0017 11679397226 712 627
0017 11679397226 712 628
0017 11679397226 712 629
0017 11679397226 712 630
0017 11679397226 712 631
0017 11679397226 712 632
0017 11679397226 712 633
0017 11679397226 712 634
0017 11679397226 712 635
0017 11679397226 712 636
0017 11679397226 712 637
0017 11679397226 712 638
0017 11679397226 712 639
0017 11679397226 712 640
0017 11679397226 712 641
0017 11679397226 712 642
0017 11679397226 712 643
0017 11679397226 712 644
0017 11679397226 712 645
0017 11679397226 712 646
0017 11679397226 712 647
0017 11679397226 712 648
0017 11679397226 712 649
0017 11679397226 712 650
0017 11679397226 712 651
0017 11679397226 712 652
0017 11679397226 712 653
0017 11679397226 712 654
0017 11679397226 712 655
0017 11679397226 712 656
0017 11679397226 712 657
0017 11679397226 712 658
0017 11679397226 712 659
0017 11679397226 712 660
0017 11679397226 712 661
0017 11679397226 712 662
0017 11679397226 712 663
0017 11679397226 712 664
0017 11679397226 712 665
0017 11679397226 712 666
0017 11679397226 712 667
0017 11679397226 712 668
0017 11679397226 712 669
0017 11679397226 712 670
0017 11679397226 712 671
0017 11679397226 712 672
0017 11679397226 712 673
0017 11679397226 712 674
0017 11679397226 712 675
0017 11679397226 712 676
0017 11679397226 712 677
0017 11679397226 712 678
0017 11679397226 712 679
0017 11679397226 712 680
0017 11679397226 712 681
0017 11679397226 712 682
0017 11679397226 712 683
0017 11679397226 712 684
0017 11679397226 712 685
0017 11679397226 712 686
0017 11679397226 712 687
0017 11679397226 712 688
0017 11679397226 712 689
0017 11679397226 712 690
0017 11679397226 712 691
0017 11679397226 712 692
0017 11679397226 712 693
0017 11679397226 712 694
0017 11679397226 712 695
0017 11679397226 712 696
0017 11679397226 712 697
0017 11679397226 712 698
0017 11679397226 712 699
0017 11679397226 712 700
0017 11679397226 712 701
0017 11679397226 712 702
0017 11679397226 712 703
0017 11679397226 712 704
0017 11679397226 712 705
0017 11679397226 712 706
0017 11679397226 712 707
0017 11679397226 712 708
0017 11679397226 712 709
0017 11679397226 712 710
0017 11679397226 712 711
0017 11679397226 712 712
0017 2435806641 577 1
0017 2435806641 577 2
0017 2435806641 577 3
0017 2435806641 577 4
0017 2435806641 577 5
0017 2435806641 577 6
0017 2435806641 577 7
0017 2435806641 577 8
0017 2435806641 577 9
0017 2435806641 577 10
0017 2435806641 577 11
0017 2435806641 577 12
0017 2435806641 577 13
0017 2435806641 577 14
0017 2435806641 577 15
0017 2435806641 577 16
0017 2435806641 577 17
0017 2435806641 577 18
0017 2435806641 577 19
0017 2435806641 577 20
0017 2435806641 577 21
0017 2435806641 577 22
0017 2435806641 577 23
0017 2435806641 577 24
0017 2435806641 577 25
0017 2435806641 577 26
0017 2435806641 577 27
0017 2435806641 577 28
0017 2435806641 577 29
0017 2435806641 577 30
0017 2435806641 577 31
0017 2435806641 577 32
0017 2435806641 577 33
0017 2435806641 577 34
0017 2435806641 577 35
0017 2435806641 577 36
0017 2435806641 577 37
0017 2435806641 577 38
0017 2435806641 577 39
0017 2435806641 577 40
0017 2435806641 577 41
0017 2435806641 577 42
0017 2435806641 577 43
0017 2435806641 577 44
0017 2435806641 577 45
0017 2435806641 577 46
0017 2435806641 577 47
0017 2435806641 577 48
0017 2435806641 577 49
0017 2435806641 577 50
0017 2435806641 577 51
0017 2435806641 577 52
0017 2435806641 577 53
0017 2435806641 577 54
0017 2435806641 577 55
0017 2435806641 577 56
0017 2435806641 577 57
0017 2435806641 577 58
0017 2435806641 577 59
0017 2435806641 577 60
0017 2435806641 577 61
0017 2435806641 577 62
0017 2435806641 577 63
0017 2435806641 577 64
0017 2435806641 577 65
0017 2435806641 577 66
0017 2435806641 577 67
0017 2435806641 577 68
0017 2435806641 577 69
0017 2435806641 577 70
0017 2435806641 577 71
0017 2435806641 577 72
0017 2435806641 577 73
0017 2435806641 577 74
0017 2435806641 577 75
0017 2435806641 577 76
0017 2435806641 577 77
0017 2435806641 577 78
0017 2435806641 577 79
0017 2435806641 577 80
0017 2435806641 577 81
0017 2435806641 577 82
0017 2435806641 577 83
0017 2435806641 577 84
0017 2435806641 577 85
0017 2435806641 577 86
0017 2435806641 577 87
0017 2435806641 577 88
0017 2435806641 577 89
0017 2435806641 577 90
0017 2435806641 577 91
0017 2435806641 577 92
0017 2435806641 577 93
0017 2435806641 577 94
0017 2435806641 577 95
0017 2435806641 577 96
0017 2435806641 577 97
0017 2435806641 577 98
0017 2435806641 577 99
0017 2435806641 577 100
0017 2435806641 577 101
0017 2435806641 577 102
0017 2435806641 577 103
0017 2435806641 577 104
0017 2435806641 577 105
0017 2435806641 577 106
0017 2435806641 577 107
0017 2435806641 577 108
0017 2435806641 577 109
0017 2435806641 577 110
0017 2435806641 577 111
0017 2435806641 577 112
0017 2435806641 577 113
0017 2435806641 577 114
0017 2435806641 577 115
0017 2435806641 577 116
0017 2435806641 577 117
0017 2435806641 577 118
0017 2435806641 577 119
0017 2435806641 577 120
0017 2435806641 577 121
0017 2435806641 577 122
0017 2435806641 577 123
0017 2435806641 577 124
0017 2435806641 577 125
0017 2435806641 577 126
0017 2435806641 577 127
0017 2435806641 577 128
0017 2435806641 577 129
0017 2435806641 577 130
0017 2435806641 577 131
0017 2435806641 577 132
0017 2435806641 577 133
0017 2435806641 577 134
0017 2435806641 577 135
0017 2435806641 577 136
0017 2435806641 577 137
0017 2435806641 577 138
0017 2435806641 577 139
0017 2435806641 577 140
0017 2435806641 577 141
0017 2435806641 577 142
0017 2435806641 577 143
0017 2435806641 577 144
0017 2435806641 577 145
0017 2435806641 577 146
0017 2435806641 577 147
0017 2435806641 577 148
0017 2435806641 577 149
0017 2435806641 577 150
0017 2435806641 577 151
0017 2435806641 577 152
0017 2435806641 577 153
0017 2435806641 577 154
0017 2435806641 577 155
0017 2435806641 577 156
0017 2435806641 577 157
0017 2435806641 577 158
0017 2435806641 577 159
0017 2435806641 577 160
0017 2435806641 577 161
0017 2435806641 577 162
0017 2435806641 577 163
0017 2435806641 577 164
0017 2435806641 577 165
0017 2435806641 577 166
0017 2435806641 577 167
0017 2435806641 577 168
0017 2435806641 577 169
0017 2435806641 577 170
0017 2435806641 577 171
0017 2435806641 577 172
0017 2435806641 577 173
0017 2435806641 577 174
0017 2435806641 577 175
0017 2435806641 577 176
0017 2435806641 577 177
0017 2435806641 577 178
0017 2435806641 577 179
0017 2435806641 577 180
0017 2435806641 577 181
0017 2435806641 577 182
0017 2435806641 577 183
0017 2435806641 577 184
0017 2435806641 577 185
0017 2435806641 577 186
0017 2435806641 577 187
0017 2435806641 577 188
0017 2435806641 577 189
0017 2435806641 577 190
0017 2435806641 577 191
0017 2435806641 577 192
0017 2435806641 577 193
0017 2435806641 577 194
0017 2435806641 577 195
0017 2435806641 577 196
0017 2435806641 577 197
0017 2435806641 577 198
0017 2435806641 577 199
0017 2435806641 577 200
0017 2435806641 577 201
0017 2435806641 577 202
0017 2435806641 577 203
0017 2435806641 577 204
0017 2435806641 577 205
0017 2435806641 577 206
0017 2435806641 577 207
0017 2435806641 577 208
0017 2435806641 577 209
0017 2435806641 577 210
0017 2435806641 577 211
0017 2435806641 577 212
0017 2435806641 577 213
0017 2435806641 577 214
0017 2435806641 577 215
0017 2435806641 577 216
0017 2435806641 577 217
0017 2435806641 577 218
0017 2435806641 577 219
0017 2435806641 577 220
0017 2435806641 577 221
0017 2435806641 577 222
0017 2435806641 577 223
0017 2435806641 577 224
0017 2435806641 577 225
0017 2435806641 577 226
0017 2435806641 577 227
0017 2435806641 577 228
0017 2435806641 577 229
0017 2435806641 577 230
0017 2435806641 577 231
0017 2435806641 577 232
0017 2435806641 577 233
0017 2435806641 577 234
0017 2435806641 577 235
0017 2435806641 577 236
0017 2435806641 577 237
0017 2435806641 577 238
0017 2435806641 577 239
0017 2435806641 577 240
0017 2435806641 577 241
0017 2435806641 577 242
0017 2435806641 577 243
0017 2435806641 577 244
0017 2435806641 577 245
0017 2435806641 577 246
0017 2435806641 577 247
0017 2435806641 577 248
0017 2435806641 577 249
0017 2435806641 577 250
0017 2435806641 577 251
0017 2435806641 577 252
0017 2435806641 577 253
0017 2435806641 577 254
0017 2435806641 577 255
0017 2435806641 577 256
0017 2435806641 577 257
0017 2435806641 577 258
0017 2435806641 577 259
0017 2435806641 577 260
0017 2435806641 577 261
0017 2435806641 577 262
0017 2435806641 577 263
0017 2435806641 577 264
0017 2435806641 577 265
0017 2435806641 577 266
0017 2435806641 577 267
0017 2435806641 577 268
0017 2435806641 577 269
0017 2435806641 577 270
0017 2435806641 577 271
0017 2435806641 577 272
0017 2435806641 577 273
0017 2435806641 577 274
0017 2435806641 577 275
0017 2435806641 577 276
0017 2435806641 577 277
0017 2435806641 577 278
0017 2435806641 577 279
0017 2435806641 577 280
0017 2435806641 577 281
0017 2435806641 577 282
0017 2435806641 577 283
0017 2435806641 577 284
0017 2435806641 577 285
0017 2435806641 577 286
0017 2435806641 577 287
0017 2435806641 577 288
0017 2435806641 577 289
0017 2435806641 577 290
0017 2435806641 577 291
0017 2435806641 577 292
0017 2435806641 577 293
0017 2435806641 577 294
0017 2435806641 577 295
0017 2435806641 577 296
0017 2435806641 577 297
0017 2435806641 577 298
0017 2435806641 577 299
0017 2435806641 577 300
0017 2435806641 577 301
0017 2435806641 577 302
0017 2435806641 577 303
0017 2435806641 577 304
0017 2435806641 577 305
0017 2435806641 577 306
0017 2435806641 577 307
0017 2435806641 577 308
0017 2435806641 577 309
0017 2435806641 577 310
0017 2435806641 577 311
0017 2435806641 577 312
0017 2435806641 577 313
0017 2435806641 577 314
0017 2435806641 577 315
0017 2435806641 577 316
0017 2435806641 577 317
0017 2435806641 577 318
0017 2435806641 577 319
0017 2435806641 577 320
0017 2435806641 577 321
0017 2435806641 577 322
0017 2435806641 577 323
0017 2435806641 577 324
0017 2435806641 577 325
0017 2435806641 577 326
0017 2435806641 577 327
0017 2435806641 577 328
0017 2435806641 577 329
0017 2435806641 577 330
0017 2435806641 577 331
0017 2435806641 577 332
0017 2435806641 577 333
0017 2435806641 577 334
0017 2435806641 577 335
0017 2435806641 577 336
0017 2435806641 577 337
0017 2435806641 577 338
0017 2435806641 577 339
0017 2435806641 577 340
0017 2435806641 577 341
0017 2435806641 577 342
0017 2435806641 577 343
0017 2435806641 577 344
0017 2435806641 577 345
0017 2435806641 577 346
0017 2435806641 577 347
0017 2435806641 577 348
0017 2435806641 577 349
0017 2435806641 577 350
0017 2435806641 577 351
0017 2435806641 577 352
0017 2435806641 577 353
0017 2435806641 577 354
0017 2435806641 577 355
0017 2435806641 577 356
0017 2435806641 577 357
0017 2435806641 577 358
0017 2435806641 577 359
0017 2435806641 577 360
0017 2435806641 577 361
0017 2435806641 577 362
0017 2435806641 577 363
0017 2435806641 577 364
0017 2435806641 577 365
0017 2435806641 577 366
0017 2435806641 577 367
0017 2435806641 577 368
0017 2435806641 577 369
0017 2435806641 577 370
0017 2435806641 577 371
0017 2435806641 577 372
0017 2435806641 577 373
0017 2435806641 577 374
0017 2435806641 577 375
0017 2435806641 577 376
0017 2435806641 577 377
0017 2435806641 577 378
0017 2435806641 577 379
0017 2435806641 577 380
0017 2435806641 577 381
0017 2435806641 577 382
0017 2435806641 577 383
0017 2435806641 577 384
0017 2435806641 577 385
0017 2435806641 577 386
0017 2435806641 577 387
0017 2435806641 577 388
0017 2435806641 577 389
0017 2435806641 577 390
0017 2435806641 577 391
0017 2435806641 577 392
0017 2435806641 577 393
0017 2435806641 577 394
0017 2435806641 577 395
0017 2435806641 577 396
0017 2435806641 577 397
0017 2435806641 577 398
0017 2435806641 577 399
0017 2435806641 577 400
0017 2435806641 577 401
0017 2435806641 577 402
0017 2435806641 577 403
0017 2435806641 577 404
0017 2435806641 577 405
0017 2435806641 577 406
0017 2435806641 577 407
0017 2435806641 577 408
0017 2435806641 577 409
0017 2435806641 577 410
0017 2435806641 577 411
0017 2435806641 577 412
0017 2435806641 577 413
0017 2435806641 577 414
0017 2435806641 577 415
0017 2435806641 577 416
0017 2435806641 577 417
0017 2435806641 577 418
0017 2435806641 577 419
0017 2435806641 577 420
0017 2435806641 577 421
0017 2435806641 577 422
0017 2435806641 577 423
0017 2435806641 577 424
0017 2435806641 577 425
0017 2435806641 577 426
0017 2435806641 577 427
0017 2435806641 577 428
0017 2435806641 577 429
0017 2435806641 577 430
0017 2435806641 577 431
0017 2435806641 577 432
0017 2435806641 577 433
0017 2435806641 577 434
0017 2435806641 577 435
0017 2435806641 577 436
0017 2435806641 577 437
0017 2435806641 577 438
0017 2435806641 577 439
0017 2435806641 577 440
0017 2435806641 577 441
0017 2435806641 577 442
0017 2435806641 577 443
0017 2435806641 577 444
0017 2435806641 577 445
0017 2435806641 577 446
0017 2435806641 577 447
0017 2435806641 577 448
0017 2435806641 577 449
0017 2435806641 577 450
0017 2435806641 577 451
0017 2435806641 577 452
0017 2435806641 577 453
0017 2435806641 577 454
0017 2435806641 577 455
0017 2435806641 577 456
0017 2435806641 577 457
0017 2435806641 577 458
0017 2435806641 577 459
0017 2435806641 577 460
0017 2435806641 577 461
0017 2435806641 577 462
0017 2435806641 577 463
0017 2435806641 577 464
0017 2435806641 577 465
0017 2435806641 577 466
0017 2435806641 577 467
0017 2435806641 577 468
0017 2435806641 577 469
0017 2435806641 577 470
0017 2435806641 577 471
0017 2435806641 577 472
0017 2435806641 577 473
0017 2435806641 577 474
0017 2435806641 577 475
0017 2435806641 577 476
0017 2435806641 577 477
0017 2435806641 577 478
0017 2435806641 577 479
0017 2435806641 577 480
0017 2435806641 577 481
0017 2435806641 577 482
0017 2435806641 577 483
0017 2435806641 577 484
0017 2435806641 577 485
0017 2435806641 577 486
0017 2435806641 577 487
0017 2435806641 577 488
0017 2435806641 577 489
0017 2435806641 577 490
0017 2435806641 577 491
0017 2435806641 577 492
0017 2435806641 577 493
0017 2435806641 577 494
0017 2435806641 577 495
0017 2435806641 577 496
0017 2435806641 577 497
0017 2435806641 577 498
0017 2435806641 577 499
0017 2435806641 577 500
0017 2435806641 577 501
0017 2435806641 577 502
0017 2435806641 577 503
0017 2435806641 577 504
0017 2435806641 577 505
0017 2435806641 577 506
0017 2435806641 577 507
0017 2435806641 577 508
0017 2435806641 577 509
0017 2435806641 577 510
0017 2435806641 577 511
0017 2435806641 577 512
0017 2435806641 577 513
0017 2435806641 577 514
0017 2435806641 577 515
0017 2435806641 577 516
0017 2435806641 577 517
0017 2435806641 577 518
0017 2435806641 577 519
0017 2435806641 577 520
0017 2435806641 577 521
0017 2435806641 577 522
0017 2435806641 577 523
0017 2435806641 577 524
0017 2435806641 577 525
0017 2435806641 577 526
0017 2435806641 577 527
0017 2435806641 577 528
0017 2435806641 577 529
0017 2435806641 577 530
0017 2435806641 577 531
0017 2435806641 577 532
0017 2435806641 577 533
0017 2435806641 577 534
0017 2435806641 577 535
0017 2435806641 577 536
0017 2435806641 577 537
0017 2435806641 577 538
0017 2435806641 577 539
0017 2435806641 577 540
0017 2435806641 577 541
0017 2435806641 577 542
0017 2435806641 577 543
0017 2435806641 577 544
0017 2435806641 577 545
0017 2435806641 577 546
0017 2435806641 577 547
0017 2435806641 577 548
0017 2435806641 577 549
0017 2435806641 577 550
0017 2435806641 577 551
0017 2435806641 577 552
0017 2435806641 577 553
0017 2435806641 577 554
0017 2435806641 577 555
0017 2435806641 577 556
0017 2435806641 577 557
0017 2435806641 577 558
0017 2435806641 577 559
0017 2435806641 577 560
0017 2435806641 577 561
0017 2435806641 577 562
0017 2435806641 577 563
0017 2435806641 577 564
0017 2435806641 577 565
0017 2435806641 577 566
0017 2435806641 577 567
0017 2435806641 577 568
0017 2435806641 577 569
0017 2435806641 577 570
0017 2435806641 577 571
0017 2435806641 577 572
0017 2435806641 577 573
0017 2435806641 577 574
0017 2435806641 577 575
0017 2435806641 577 576
0017 2435806641 577 577
