1102 8671680638 312 1
1102 8671680638 312 2
1102 8671680638 312 3
1102 8671680638 312 4
1102 8671680638 312 5
1102 8671680638 312 6
1102 8671680638 312 7
1102 8671680638 312 8
1102 8671680638 312 9
1102 8671680638 312 10
1102 8671680638 312 11
1102 8671680638 312 12
1102 8671680638 312 13
1102 8671680638 312 14
1102 8671680638 312 15
1102 8671680638 312 16
1102 8671680638 312 17
1102 8671680638 312 18
1102 8671680638 312 19
1102 8671680638 312 20
1102 8671680638 312 21
1102 8671680638 312 22
1102 8671680638 312 23
1102 8671680638 312 24
1102 8671680638 312 25
1102 8671680638 312 26
1102 8671680638 312 27
1102 8671680638 312 28
1102 8671680638 312 29
1102 8671680638 312 30
1102 8671680638 312 31
1102 8671680638 312 32
1102 8671680638 312 33
1102 8671680638 312 34
1102 8671680638 312 35
1102 8671680638 312 36
1102 8671680638 312 37
1102 8671680638 312 38
1102 8671680638 312 39
1102 8671680638 312 40
1102 8671680638 312 41
1102 8671680638 312 42
1102 8671680638 312 43
1102 8671680638 312 44
1102 8671680638 312 45
1102 8671680638 312 46
1102 8671680638 312 47
1102 8671680638 312 48
1102 8671680638 312 49
1102 8671680638 312 50
1102 8671680638 312 51
1102 8671680638 312 52
1102 8671680638 312 53
1102 8671680638 312 54
1102 8671680638 312 55
1102 8671680638 312 56
1102 8671680638 312 57
1102 8671680638 312 58
1102 8671680638 312 59
1102 8671680638 312 60
1102 8671680638 312 61
1102 8671680638 312 62
1102 8671680638 312 63
1102 8671680638 312 64
1102 8671680638 312 65
1102 8671680638 312 66
1102 8671680638 312 67
1102 8671680638 312 68
1102 8671680638 312 69
1102 8671680638 312 70
1102 8671680638 312 71
1102 8671680638 312 72
1102 8671680638 312 73
1102 8671680638 312 74
1102 8671680638 312 75
1102 8671680638 312 76
1102 8671680638 312 77
1102 8671680638 312 78
1102 8671680638 312 79
1102 8671680638 312 80
1102 8671680638 312 81
1102 8671680638 312 82
1102 8671680638 312 83
1102 8671680638 312 84
1102 8671680638 312 85
1102 8671680638 312 86
1102 8671680638 312 87
1102 8671680638 312 88
1102 8671680638 312 89
1102 8671680638 312 90
1102 8671680638 312 91
1102 8671680638 312 92
1102 8671680638 312 93
1102 8671680638 312 94
1102 8671680638 312 95
1102 8671680638 312 96
1102 8671680638 312 97
1102 8671680638 312 98
1102 8671680638 312 99
1102 8671680638 312 100
1102 8671680638 312 101
1102 8671680638 312 102
1102 8671680638 312 103
1102 8671680638 312 104
1102 8671680638 312 105
1102 8671680638 312 106
1102 8671680638 312 107
1102 8671680638 312 108
1102 8671680638 312 109
1102 8671680638 312 110
1102 8671680638 312 111
1102 8671680638 312 112
1102 8671680638 312 113
1102 8671680638 312 114
1102 8671680638 312 115
1102 8671680638 312 116
1102 8671680638 312 117
1102 8671680638 312 118
1102 8671680638 312 119
1102 8671680638 312 120
1102 8671680638 312 121
1102 8671680638 312 122
1102 8671680638 312 123
1102 8671680638 312 124
1102 8671680638 312 125
1102 8671680638 312 126
1102 8671680638 312 127
1102 8671680638 312 128
1102 8671680638 312 129
1102 8671680638 312 130
1102 8671680638 312 131
1102 8671680638 312 132
1102 8671680638 312 133
1102 8671680638 312 134
1102 8671680638 312 135
1102 8671680638 312 136
1102 8671680638 312 137
1102 8671680638 312 138
1102 8671680638 312 139
1102 8671680638 312 140
1102 8671680638 312 141
1102 8671680638 312 142
1102 8671680638 312 143
1102 8671680638 312 144
1102 8671680638 312 145
1102 8671680638 312 146
1102 8671680638 312 147
1102 8671680638 312 148
1102 8671680638 312 149
1102 8671680638 312 150
1102 8671680638 312 151
1102 8671680638 312 152
1102 8671680638 312 153
1102 8671680638 312 154
1102 8671680638 312 155
1102 8671680638 312 156
1102 8671680638 312 157
1102 8671680638 312 158
1102 8671680638 312 159
1102 8671680638 312 160
1102 8671680638 312 161
1102 8671680638 312 162
1102 8671680638 312 163
1102 8671680638 312 164
1102 8671680638 312 165
1102 8671680638 312 166
1102 8671680638 312 167
1102 8671680638 312 168
1102 8671680638 312 169
1102 8671680638 312 170
1102 8671680638 312 171
1102 8671680638 312 172
1102 8671680638 312 173
1102 8671680638 312 174
1102 8671680638 312 175
1102 8671680638 312 176
1102 8671680638 312 177
1102 8671680638 312 178
1102 8671680638 312 179
1102 8671680638 312 180
1102 8671680638 312 181
1102 8671680638 312 182
1102 8671680638 312 183
1102 8671680638 312 184
1102 8671680638 312 185
1102 8671680638 312 186
1102 8671680638 312 187
1102 8671680638 312 188
1102 8671680638 312 189
1102 8671680638 312 190
1102 8671680638 312 191
1102 8671680638 312 192
1102 8671680638 312 193
1102 8671680638 312 194
1102 8671680638 312 195
1102 8671680638 312 196
1102 8671680638 312 197
1102 8671680638 312 198
1102 8671680638 312 199
1102 8671680638 312 200
1102 8671680638 312 201
1102 8671680638 312 202
1102 8671680638 312 203
1102 8671680638 312 204
1102 8671680638 312 205
1102 8671680638 312 206
1102 8671680638 312 207
1102 8671680638 312 208
1102 8671680638 312 209
1102 8671680638 312 210
1102 8671680638 312 211
1102 8671680638 312 212
1102 8671680638 312 213
1102 8671680638 312 214
1102 8671680638 312 215
1102 8671680638 312 216
1102 8671680638 312 217
1102 8671680638 312 218
1102 8671680638 312 219
1102 8671680638 312 220
1102 8671680638 312 221
1102 8671680638 312 222
1102 8671680638 312 223
1102 8671680638 312 224
1102 8671680638 312 225
1102 8671680638 312 226
1102 8671680638 312 227
1102 8671680638 312 228
1102 8671680638 312 229
1102 8671680638 312 230
1102 8671680638 312 231
1102 8671680638 312 232
1102 8671680638 312 233
1102 8671680638 312 234
1102 8671680638 312 235
1102 8671680638 312 236
1102 8671680638 312 237
1102 8671680638 312 238
1102 8671680638 312 239
1102 8671680638 312 240
1102 8671680638 312 241
1102 8671680638 312 242
1102 8671680638 312 243
1102 8671680638 312 244
1102 8671680638 312 245
1102 8671680638 312 246
1102 8671680638 312 247
1102 8671680638 312 248
1102 8671680638 312 249
1102 8671680638 312 250
1102 8671680638 312 251
1102 8671680638 312 252
1102 8671680638 312 253
1102 8671680638 312 254
1102 8671680638 312 255
1102 8671680638 312 256
1102 8671680638 312 257
1102 8671680638 312 258
1102 8671680638 312 259
1102 8671680638 312 260
1102 8671680638 312 261
1102 8671680638 312 262
1102 8671680638 312 263
1102 8671680638 312 264
1102 8671680638 312 265
1102 8671680638 312 266
1102 8671680638 312 267
1102 8671680638 312 268
1102 8671680638 312 269
1102 8671680638 312 270
1102 8671680638 312 271
1102 8671680638 312 272
1102 8671680638 312 273
1102 8671680638 312 274
1102 8671680638 312 275
1102 8671680638 312 276
1102 8671680638 312 277
1102 8671680638 312 278
1102 8671680638 312 279
1102 8671680638 312 280
1102 8671680638 312 281
1102 8671680638 312 282
1102 8671680638 312 283
1102 8671680638 312 284
1102 8671680638 312 285
1102 8671680638 312 286
1102 8671680638 312 287
1102 8671680638 312 288
1102 8671680638 312 289
1102 8671680638 312 290
1102 8671680638 312 291
1102 8671680638 312 292
1102 8671680638 312 293
1102 8671680638 312 294
1102 8671680638 312 295
1102 8671680638 312 296
1102 8671680638 312 297
1102 8671680638 312 298
1102 8671680638 312 299
1102 8671680638 312 300
1102 8671680638 312 301
1102 8671680638 312 302
1102 8671680638 312 303
1102 8671680638 312 304
1102 8671680638 312 305
1102 8671680638 312 306
1102 8671680638 312 307
1102 8671680638 312 308
1102 8671680638 312 309
1102 8671680638 312 310
1102 8671680638 312 311
1102 8671680638 312 312
1102 8772882161 678 1
1102 8772882161 678 2
1102 8772882161 678 3
1102 8772882161 678 4
1102 8772882161 678 5
1102 8772882161 678 6
1102 8772882161 678 7
1102 8772882161 678 8
1102 8772882161 678 9
1102 8772882161 678 10
1102 8772882161 678 11
1102 8772882161 678 12
1102 8772882161 678 13
1102 8772882161 678 14
1102 8772882161 678 15
1102 8772882161 678 16
1102 8772882161 678 17
1102 8772882161 678 18
1102 8772882161 678 19
1102 8772882161 678 20
1102 8772882161 678 21
1102 8772882161 678 22
1102 8772882161 678 23
1102 8772882161 678 24
1102 8772882161 678 25
1102 8772882161 678 26
1102 8772882161 678 27
1102 8772882161 678 28
1102 8772882161 678 29
1102 8772882161 678 30
1102 8772882161 678 31
1102 8772882161 678 32
1102 8772882161 678 33
1102 8772882161 678 34
1102 8772882161 678 35
1102 8772882161 678 36
1102 8772882161 678 37
1102 8772882161 678 38
1102 8772882161 678 39
1102 8772882161 678 40
1102 8772882161 678 41
1102 8772882161 678 42
1102 8772882161 678 43
1102 8772882161 678 44
1102 8772882161 678 45
1102 8772882161 678 46
1102 8772882161 678 47
1102 8772882161 678 48
1102 8772882161 678 49
1102 8772882161 678 50
1102 8772882161 678 51
1102 8772882161 678 52
1102 8772882161 678 53
1102 8772882161 678 54
1102 8772882161 678 55
1102 8772882161 678 56
1102 8772882161 678 57
1102 8772882161 678 58
1102 8772882161 678 59
1102 8772882161 678 60
1102 8772882161 678 61
1102 8772882161 678 62
1102 8772882161 678 63
1102 8772882161 678 64
1102 8772882161 678 65
1102 8772882161 678 66
1102 8772882161 678 67
1102 8772882161 678 68
1102 8772882161 678 69
1102 8772882161 678 70
1102 8772882161 678 71
1102 8772882161 678 72
1102 8772882161 678 73
1102 8772882161 678 74
1102 8772882161 678 75
1102 8772882161 678 76
1102 8772882161 678 77
1102 8772882161 678 78
1102 8772882161 678 79
1102 8772882161 678 80
1102 8772882161 678 81
1102 8772882161 678 82
1102 8772882161 678 83
1102 8772882161 678 84
1102 8772882161 678 85
1102 8772882161 678 86
1102 8772882161 678 87
1102 8772882161 678 88
1102 8772882161 678 89
1102 8772882161 678 90
1102 8772882161 678 91
1102 8772882161 678 92
1102 8772882161 678 93
1102 8772882161 678 94
1102 8772882161 678 95
1102 8772882161 678 96
1102 8772882161 678 97
1102 8772882161 678 98
1102 8772882161 678 99
1102 8772882161 678 100
1102 8772882161 678 101
1102 8772882161 678 102
1102 8772882161 678 103
1102 8772882161 678 104
1102 8772882161 678 105
1102 8772882161 678 106
1102 8772882161 678 107
1102 8772882161 678 108
1102 8772882161 678 109
1102 8772882161 678 110
1102 8772882161 678 111
1102 8772882161 678 112
1102 8772882161 678 113
1102 8772882161 678 114
1102 8772882161 678 115
1102 8772882161 678 116
1102 8772882161 678 117
1102 8772882161 678 118
1102 8772882161 678 119
1102 8772882161 678 120
1102 8772882161 678 121
1102 8772882161 678 122
1102 8772882161 678 123
1102 8772882161 678 124
1102 8772882161 678 125
1102 8772882161 678 126
1102 8772882161 678 127
1102 8772882161 678 128
1102 8772882161 678 129
1102 8772882161 678 130
1102 8772882161 678 131
1102 8772882161 678 132
1102 8772882161 678 133
1102 8772882161 678 134
1102 8772882161 678 135
1102 8772882161 678 136
1102 8772882161 678 137
1102 8772882161 678 138
1102 8772882161 678 139
1102 8772882161 678 140
1102 8772882161 678 141
1102 8772882161 678 142
1102 8772882161 678 143
1102 8772882161 678 144
1102 8772882161 678 145
1102 8772882161 678 146
1102 8772882161 678 147
1102 8772882161 678 148
1102 8772882161 678 149
1102 8772882161 678 150
1102 8772882161 678 151
1102 8772882161 678 152
1102 8772882161 678 153
1102 8772882161 678 154
1102 8772882161 678 155
1102 8772882161 678 156
1102 8772882161 678 157
1102 8772882161 678 158
1102 8772882161 678 159
1102 8772882161 678 160
1102 8772882161 678 161
1102 8772882161 678 162
1102 8772882161 678 163
1102 8772882161 678 164
1102 8772882161 678 165
1102 8772882161 678 166
1102 8772882161 678 167
1102 8772882161 678 168
1102 8772882161 678 169
1102 8772882161 678 170
1102 8772882161 678 171
1102 8772882161 678 172
1102 8772882161 678 173
1102 8772882161 678 174
1102 8772882161 678 175
1102 8772882161 678 176
1102 8772882161 678 177
1102 8772882161 678 178
1102 8772882161 678 179
1102 8772882161 678 180
1102 8772882161 678 181
1102 8772882161 678 182
1102 8772882161 678 183
1102 8772882161 678 184
1102 8772882161 678 185
1102 8772882161 678 186
1102 8772882161 678 187
1102 8772882161 678 188
1102 8772882161 678 189
1102 8772882161 678 190
1102 8772882161 678 191
1102 8772882161 678 192
1102 8772882161 678 193
1102 8772882161 678 194
1102 8772882161 678 195
1102 8772882161 678 196
1102 8772882161 678 197
1102 8772882161 678 198
1102 8772882161 678 199
1102 8772882161 678 200
1102 8772882161 678 201
1102 8772882161 678 202
1102 8772882161 678 203
1102 8772882161 678 204
1102 8772882161 678 205
1102 8772882161 678 206
1102 8772882161 678 207
1102 8772882161 678 208
1102 8772882161 678 209
1102 8772882161 678 210
1102 8772882161 678 211
1102 8772882161 678 212
1102 8772882161 678 213
1102 8772882161 678 214
1102 8772882161 678 215
1102 8772882161 678 216
1102 8772882161 678 217
1102 8772882161 678 218
1102 8772882161 678 219
1102 8772882161 678 220
1102 8772882161 678 221
1102 8772882161 678 222
1102 8772882161 678 223
1102 8772882161 678 224
1102 8772882161 678 225
1102 8772882161 678 226
1102 8772882161 678 227
1102 8772882161 678 228
1102 8772882161 678 229
1102 8772882161 678 230
1102 8772882161 678 231
1102 8772882161 678 232
1102 8772882161 678 233
1102 8772882161 678 234
1102 8772882161 678 235
1102 8772882161 678 236
1102 8772882161 678 237
1102 8772882161 678 238
1102 8772882161 678 239
1102 8772882161 678 240
1102 8772882161 678 241
1102 8772882161 678 242
1102 8772882161 678 243
1102 8772882161 678 244
1102 8772882161 678 245
1102 8772882161 678 246
1102 8772882161 678 247
1102 8772882161 678 248
1102 8772882161 678 249
1102 8772882161 678 250
1102 8772882161 678 251
1102 8772882161 678 252
1102 8772882161 678 253
1102 8772882161 678 254
1102 8772882161 678 255
1102 8772882161 678 256
1102 8772882161 678 257
1102 8772882161 678 258
1102 8772882161 678 259
1102 8772882161 678 260
1102 8772882161 678 261
1102 8772882161 678 262
1102 8772882161 678 263
1102 8772882161 678 264
1102 8772882161 678 265
1102 8772882161 678 266
1102 8772882161 678 267
1102 8772882161 678 268
1102 8772882161 678 269
1102 8772882161 678 270
1102 8772882161 678 271
1102 8772882161 678 272
1102 8772882161 678 273
1102 8772882161 678 274
1102 8772882161 678 275
1102 8772882161 678 276
1102 8772882161 678 277
1102 8772882161 678 278
1102 8772882161 678 279
1102 8772882161 678 280
1102 8772882161 678 281
1102 8772882161 678 282
1102 8772882161 678 283
1102 8772882161 678 284
1102 8772882161 678 285
1102 8772882161 678 286
1102 8772882161 678 287
1102 8772882161 678 288
1102 8772882161 678 289
1102 8772882161 678 290
1102 8772882161 678 291
1102 8772882161 678 292
1102 8772882161 678 293
1102 8772882161 678 294
1102 8772882161 678 295
1102 8772882161 678 296
1102 8772882161 678 297
1102 8772882161 678 298
1102 8772882161 678 299
1102 8772882161 678 300
1102 8772882161 678 301
1102 8772882161 678 302
1102 8772882161 678 303
1102 8772882161 678 304
1102 8772882161 678 305
1102 8772882161 678 306
1102 8772882161 678 307
1102 8772882161 678 308
1102 8772882161 678 309
1102 8772882161 678 310
1102 8772882161 678 311
1102 8772882161 678 312
1102 8772882161 678 313
1102 8772882161 678 314
1102 8772882161 678 315
1102 8772882161 678 316
1102 8772882161 678 317
1102 8772882161 678 318
1102 8772882161 678 319
1102 8772882161 678 320
1102 8772882161 678 321
1102 8772882161 678 322
1102 8772882161 678 323
1102 8772882161 678 324
1102 8772882161 678 325
1102 8772882161 678 326
1102 8772882161 678 327
1102 8772882161 678 328
1102 8772882161 678 329
1102 8772882161 678 330
1102 8772882161 678 331
1102 8772882161 678 332
1102 8772882161 678 333
1102 8772882161 678 334
1102 8772882161 678 335
1102 8772882161 678 336
1102 8772882161 678 337
1102 8772882161 678 338
1102 8772882161 678 339
1102 8772882161 678 340
1102 8772882161 678 341
1102 8772882161 678 342
1102 8772882161 678 343
1102 8772882161 678 344
1102 8772882161 678 345
1102 8772882161 678 346
1102 8772882161 678 347
1102 8772882161 678 348
1102 8772882161 678 349
1102 8772882161 678 350
1102 8772882161 678 351
1102 8772882161 678 352
1102 8772882161 678 353
1102 8772882161 678 354
1102 8772882161 678 355
1102 8772882161 678 356
1102 8772882161 678 357
1102 8772882161 678 358
1102 8772882161 678 359
1102 8772882161 678 360
1102 8772882161 678 361
1102 8772882161 678 362
1102 8772882161 678 363
1102 8772882161 678 364
1102 8772882161 678 365
1102 8772882161 678 366
1102 8772882161 678 367
1102 8772882161 678 368
1102 8772882161 678 369
1102 8772882161 678 370
1102 8772882161 678 371
1102 8772882161 678 372
1102 8772882161 678 373
1102 8772882161 678 374
1102 8772882161 678 375
1102 8772882161 678 376
1102 8772882161 678 377
1102 8772882161 678 378
1102 8772882161 678 379
1102 8772882161 678 380
1102 8772882161 678 381
1102 8772882161 678 382
1102 8772882161 678 383
1102 8772882161 678 384
1102 8772882161 678 385
1102 8772882161 678 386
1102 8772882161 678 387
1102 8772882161 678 388
1102 8772882161 678 389
1102 8772882161 678 390
1102 8772882161 678 391
1102 8772882161 678 392
1102 8772882161 678 393
1102 8772882161 678 394
1102 8772882161 678 395
1102 8772882161 678 396
1102 8772882161 678 397
1102 8772882161 678 398
1102 8772882161 678 399
1102 8772882161 678 400
1102 8772882161 678 401
1102 8772882161 678 402
1102 8772882161 678 403
1102 8772882161 678 404
1102 8772882161 678 405
1102 8772882161 678 406
1102 8772882161 678 407
1102 8772882161 678 408
1102 8772882161 678 409
1102 8772882161 678 410
1102 8772882161 678 411
1102 8772882161 678 412
1102 8772882161 678 413
1102 8772882161 678 414
1102 8772882161 678 415
1102 8772882161 678 416
1102 8772882161 678 417
1102 8772882161 678 418
1102 8772882161 678 419
1102 8772882161 678 420
1102 8772882161 678 421
1102 8772882161 678 422
1102 8772882161 678 423
1102 8772882161 678 424
1102 8772882161 678 425
1102 8772882161 678 426
1102 8772882161 678 427
1102 8772882161 678 428
1102 8772882161 678 429
1102 8772882161 678 430
1102 8772882161 678 431
1102 8772882161 678 432
1102 8772882161 678 433
1102 8772882161 678 434
1102 8772882161 678 435
1102 8772882161 678 436
1102 8772882161 678 437
1102 8772882161 678 438
1102 8772882161 678 439
1102 8772882161 678 440
1102 8772882161 678 441
1102 8772882161 678 442
1102 8772882161 678 443
1102 8772882161 678 444
1102 8772882161 678 445
1102 8772882161 678 446
1102 8772882161 678 447
1102 8772882161 678 448
1102 8772882161 678 449
1102 8772882161 678 450
1102 8772882161 678 451
1102 8772882161 678 452
1102 8772882161 678 453
1102 8772882161 678 454
1102 8772882161 678 455
1102 8772882161 678 456
1102 8772882161 678 457
1102 8772882161 678 458
1102 8772882161 678 459
1102 8772882161 678 460
1102 8772882161 678 461
1102 8772882161 678 462
1102 8772882161 678 463
1102 8772882161 678 464
1102 8772882161 678 465
1102 8772882161 678 466
1102 8772882161 678 467
1102 8772882161 678 468
1102 8772882161 678 469
1102 8772882161 678 470
1102 8772882161 678 471
1102 8772882161 678 472
1102 8772882161 678 473
1102 8772882161 678 474
1102 8772882161 678 475
1102 8772882161 678 476
1102 8772882161 678 477
1102 8772882161 678 478
1102 8772882161 678 479
1102 8772882161 678 480
1102 8772882161 678 481
1102 8772882161 678 482
1102 8772882161 678 483
1102 8772882161 678 484
1102 8772882161 678 485
1102 8772882161 678 486
1102 8772882161 678 487
1102 8772882161 678 488
1102 8772882161 678 489
1102 8772882161 678 490
1102 8772882161 678 491
1102 8772882161 678 492
1102 8772882161 678 493
1102 8772882161 678 494
1102 8772882161 678 495
1102 8772882161 678 496
1102 8772882161 678 497
1102 8772882161 678 498
1102 8772882161 678 499
1102 8772882161 678 500
1102 8772882161 678 501
1102 8772882161 678 502
1102 8772882161 678 503
1102 8772882161 678 504
1102 8772882161 678 505
1102 8772882161 678 506
1102 8772882161 678 507
1102 8772882161 678 508
1102 8772882161 678 509
1102 8772882161 678 510
1102 8772882161 678 511
1102 8772882161 678 512
1102 8772882161 678 513
1102 8772882161 678 514
1102 8772882161 678 515
1102 8772882161 678 516
1102 8772882161 678 517
1102 8772882161 678 518
1102 8772882161 678 519
1102 8772882161 678 520
1102 8772882161 678 521
1102 8772882161 678 522
1102 8772882161 678 523
1102 8772882161 678 524
1102 8772882161 678 525
1102 8772882161 678 526
1102 8772882161 678 527
1102 8772882161 678 528
1102 8772882161 678 529
1102 8772882161 678 530
1102 8772882161 678 531
1102 8772882161 678 532
1102 8772882161 678 533
1102 8772882161 678 534
1102 8772882161 678 535
1102 8772882161 678 536
1102 8772882161 678 537
1102 8772882161 678 538
1102 8772882161 678 539
1102 8772882161 678 540
1102 8772882161 678 541
1102 8772882161 678 542
1102 8772882161 678 543
1102 8772882161 678 544
1102 8772882161 678 545
1102 8772882161 678 546
1102 8772882161 678 547
1102 8772882161 678 548
1102 8772882161 678 549
1102 8772882161 678 550
1102 8772882161 678 551
1102 8772882161 678 552
1102 8772882161 678 553
1102 8772882161 678 554
1102 8772882161 678 555
1102 8772882161 678 556
1102 8772882161 678 557
1102 8772882161 678 558
1102 8772882161 678 559
1102 8772882161 678 560
1102 8772882161 678 561
1102 8772882161 678 562
1102 8772882161 678 563
1102 8772882161 678 564
1102 8772882161 678 565
1102 8772882161 678 566
1102 8772882161 678 567
1102 8772882161 678 568
1102 8772882161 678 569
1102 8772882161 678 570
1102 8772882161 678 571
1102 8772882161 678 572
1102 8772882161 678 573
1102 8772882161 678 574
1102 8772882161 678 575
1102 8772882161 678 576
1102 8772882161 678 577
1102 8772882161 678 578
1102 8772882161 678 579
1102 8772882161 678 580
1102 8772882161 678 581
1102 8772882161 678 582
1102 8772882161 678 583
1102 8772882161 678 584
1102 8772882161 678 585
1102 8772882161 678 586
1102 8772882161 678 587
1102 8772882161 678 588
1102 8772882161 678 589
1102 8772882161 678 590
1102 8772882161 678 591
1102 8772882161 678 592
1102 8772882161 678 593
1102 8772882161 678 594
1102 8772882161 678 595
1102 8772882161 678 596
1102 8772882161 678 597
1102 8772882161 678 598
1102 8772882161 678 599
1102 8772882161 678 600
1102 8772882161 678 601
1102 8772882161 678 602
1102 8772882161 678 603
1102 8772882161 678 604
1102 8772882161 678 605
1102 8772882161 678 606
1102 8772882161 678 607
1102 8772882161 678 608
1102 8772882161 678 609
1102 8772882161 678 610
1102 8772882161 678 611
1102 8772882161 678 612
1102 8772882161 678 613
1102 8772882161 678 614
1102 8772882161 678 615
1102 8772882161 678 616
1102 8772882161 678 617
1102 8772882161 678 618
1102 8772882161 678 619
1102 8772882161 678 620
1102 8772882161 678 621
1102 8772882161 678 622
1102 8772882161 678 623
1102 8772882161 678 624
1102 8772882161 678 625
1102 8772882161 678 626
1102 8772882161 678 627
1102 8772882161 678 628
1102 8772882161 678 629
1102 8772882161 678 630
1102 8772882161 678 631
1102 8772882161 678 632
1102 8772882161 678 633
1102 8772882161 678 634
1102 8772882161 678 635
1102 8772882161 678 636
1102 8772882161 678 637
1102 8772882161 678 638
1102 8772882161 678 639
1102 8772882161 678 640
1102 8772882161 678 641
1102 8772882161 678 642
1102 8772882161 678 643
1102 8772882161 678 644
1102 8772882161 678 645
1102 8772882161 678 646
1102 8772882161 678 647
1102 8772882161 678 648
1102 8772882161 678 649
1102 8772882161 678 650
1102 8772882161 678 651
1102 8772882161 678 652
1102 8772882161 678 653
1102 8772882161 678 654
1102 8772882161 678 655
1102 8772882161 678 656
1102 8772882161 678 657
1102 8772882161 678 658
1102 8772882161 678 659
1102 8772882161 678 660
1102 8772882161 678 661
1102 8772882161 678 662
1102 8772882161 678 663
1102 8772882161 678 664
1102 8772882161 678 665
1102 8772882161 678 666
1102 8772882161 678 667
1102 8772882161 678 668
1102 8772882161 678 669
1102 8772882161 678 670
1102 8772882161 678 671
1102 8772882161 678 672
1102 8772882161 678 673
1102 8772882161 678 674
1102 8772882161 678 675
1102 8772882161 678 676
1102 8772882161 678 677
1102 8772882161 678 678
1102 8842665070 274 1
1102 8842665070 274 2
1102 8842665070 274 3
1102 8842665070 274 4
1102 8842665070 274 5
1102 8842665070 274 6
1102 8842665070 274 7
1102 8842665070 274 8
1102 8842665070 274 9
1102 8842665070 274 10
1102 8842665070 274 11
1102 8842665070 274 12
1102 8842665070 274 13
1102 8842665070 274 14
1102 8842665070 274 15
1102 8842665070 274 16
1102 8842665070 274 17
1102 8842665070 274 18
1102 8842665070 274 19
1102 8842665070 274 20
1102 8842665070 274 21
1102 8842665070 274 22
1102 8842665070 274 23
1102 8842665070 274 24
1102 8842665070 274 25
1102 8842665070 274 26
1102 8842665070 274 27
1102 8842665070 274 28
1102 8842665070 274 29
1102 8842665070 274 30
1102 8842665070 274 31
1102 8842665070 274 32
1102 8842665070 274 33
1102 8842665070 274 34
1102 8842665070 274 35
1102 8842665070 274 36
1102 8842665070 274 37
1102 8842665070 274 38
1102 8842665070 274 39
1102 8842665070 274 40
1102 8842665070 274 41
1102 8842665070 274 42
1102 8842665070 274 43
1102 8842665070 274 44
1102 8842665070 274 45
1102 8842665070 274 46
1102 8842665070 274 47
1102 8842665070 274 48
1102 8842665070 274 49
1102 8842665070 274 50
1102 8842665070 274 51
1102 8842665070 274 52
1102 8842665070 274 53
1102 8842665070 274 54
1102 8842665070 274 55
1102 8842665070 274 56
1102 8842665070 274 57
1102 8842665070 274 58
1102 8842665070 274 59
1102 8842665070 274 60
1102 8842665070 274 61
1102 8842665070 274 62
1102 8842665070 274 63
1102 8842665070 274 64
1102 8842665070 274 65
1102 8842665070 274 66
1102 8842665070 274 67
1102 8842665070 274 68
1102 8842665070 274 69
1102 8842665070 274 70
1102 8842665070 274 71
1102 8842665070 274 72
1102 8842665070 274 73
1102 8842665070 274 74
1102 8842665070 274 75
1102 8842665070 274 76
1102 8842665070 274 77
1102 8842665070 274 78
1102 8842665070 274 79
1102 8842665070 274 80
1102 8842665070 274 81
1102 8842665070 274 82
1102 8842665070 274 83
1102 8842665070 274 84
1102 8842665070 274 85
1102 8842665070 274 86
1102 8842665070 274 87
1102 8842665070 274 88
1102 8842665070 274 89
1102 8842665070 274 90
1102 8842665070 274 91
1102 8842665070 274 92
1102 8842665070 274 93
1102 8842665070 274 94
1102 8842665070 274 95
1102 8842665070 274 96
1102 8842665070 274 97
1102 8842665070 274 98
1102 8842665070 274 99
1102 8842665070 274 100
1102 8842665070 274 101
1102 8842665070 274 102
1102 8842665070 274 103
1102 8842665070 274 104
1102 8842665070 274 105
1102 8842665070 274 106
1102 8842665070 274 107
1102 8842665070 274 108
1102 8842665070 274 109
1102 8842665070 274 110
1102 8842665070 274 111
1102 8842665070 274 112
1102 8842665070 274 113
1102 8842665070 274 114
1102 8842665070 274 115
1102 8842665070 274 116
1102 8842665070 274 117
1102 8842665070 274 118
1102 8842665070 274 119
1102 8842665070 274 120
1102 8842665070 274 121
1102 8842665070 274 122
1102 8842665070 274 123
1102 8842665070 274 124
1102 8842665070 274 125
1102 8842665070 274 126
1102 8842665070 274 127
1102 8842665070 274 128
1102 8842665070 274 129
1102 8842665070 274 130
1102 8842665070 274 131
1102 8842665070 274 132
1102 8842665070 274 133
1102 8842665070 274 134
1102 8842665070 274 135
1102 8842665070 274 136
1102 8842665070 274 137
1102 8842665070 274 138
1102 8842665070 274 139
1102 8842665070 274 140
1102 8842665070 274 141
1102 8842665070 274 142
1102 8842665070 274 143
1102 8842665070 274 144
1102 8842665070 274 145
1102 8842665070 274 146
1102 8842665070 274 147
1102 8842665070 274 148
1102 8842665070 274 149
1102 8842665070 274 150
1102 8842665070 274 151
1102 8842665070 274 152
1102 8842665070 274 153
1102 8842665070 274 154
1102 8842665070 274 155
1102 8842665070 274 156
1102 8842665070 274 157
1102 8842665070 274 158
1102 8842665070 274 159
1102 8842665070 274 160
1102 8842665070 274 161
1102 8842665070 274 162
1102 8842665070 274 163
1102 8842665070 274 164
1102 8842665070 274 165
1102 8842665070 274 166
1102 8842665070 274 167
1102 8842665070 274 168
1102 8842665070 274 169
1102 8842665070 274 170
1102 8842665070 274 171
1102 8842665070 274 172
1102 8842665070 274 173
1102 8842665070 274 174
1102 8842665070 274 175
1102 8842665070 274 176
1102 8842665070 274 177
1102 8842665070 274 178
1102 8842665070 274 179
1102 8842665070 274 180
1102 8842665070 274 181
1102 8842665070 274 182
1102 8842665070 274 183
1102 8842665070 274 184
1102 8842665070 274 185
1102 8842665070 274 186
1102 8842665070 274 187
1102 8842665070 274 188
1102 8842665070 274 189
1102 8842665070 274 190
1102 8842665070 274 191
1102 8842665070 274 192
1102 8842665070 274 193
1102 8842665070 274 194
1102 8842665070 274 195
1102 8842665070 274 196
1102 8842665070 274 197
1102 8842665070 274 198
1102 8842665070 274 199
1102 8842665070 274 200
1102 8842665070 274 201
1102 8842665070 274 202
1102 8842665070 274 203
1102 8842665070 274 204
1102 8842665070 274 205
1102 8842665070 274 206
1102 8842665070 274 207
1102 8842665070 274 208
1102 8842665070 274 209
1102 8842665070 274 210
1102 8842665070 274 211
1102 8842665070 274 212
1102 8842665070 274 213
1102 8842665070 274 214
1102 8842665070 274 215
1102 8842665070 274 216
1102 8842665070 274 217
1102 8842665070 274 218
1102 8842665070 274 219
1102 8842665070 274 220
1102 8842665070 274 221
1102 8842665070 274 222
1102 8842665070 274 223
1102 8842665070 274 224
1102 8842665070 274 225
1102 8842665070 274 226
1102 8842665070 274 227
1102 8842665070 274 228
1102 8842665070 274 229
1102 8842665070 274 230
1102 8842665070 274 231
1102 8842665070 274 232
1102 8842665070 274 233
1102 8842665070 274 234
1102 8842665070 274 235
1102 8842665070 274 236
1102 8842665070 274 237
1102 8842665070 274 238
1102 8842665070 274 239
1102 8842665070 274 240
1102 8842665070 274 241
1102 8842665070 274 242
1102 8842665070 274 243
1102 8842665070 274 244
1102 8842665070 274 245
1102 8842665070 274 246
1102 8842665070 274 247
1102 8842665070 274 248
1102 8842665070 274 249
1102 8842665070 274 250
1102 8842665070 274 251
1102 8842665070 274 252
1102 8842665070 274 253
1102 8842665070 274 254
1102 8842665070 274 255
1102 8842665070 274 256
1102 8842665070 274 257
1102 8842665070 274 258
1102 8842665070 274 259
1102 8842665070 274 260
1102 8842665070 274 261
1102 8842665070 274 262
1102 8842665070 274 263
1102 8842665070 274 264
1102 8842665070 274 265
1102 8842665070 274 266
1102 8842665070 274 267
1102 8842665070 274 268
1102 8842665070 274 269
1102 8842665070 274 270
1102 8842665070 274 271
1102 8842665070 274 272
1102 8842665070 274 273
1102 8842665070 274 274
1102 8903248754 551 1
1102 8903248754 551 2
1102 8903248754 551 3
1102 8903248754 551 4
1102 8903248754 551 5
1102 8903248754 551 6
1102 8903248754 551 7
1102 8903248754 551 8
1102 8903248754 551 9
1102 8903248754 551 10
1102 8903248754 551 11
1102 8903248754 551 12
1102 8903248754 551 13
1102 8903248754 551 14
1102 8903248754 551 15
1102 8903248754 551 16
1102 8903248754 551 17
1102 8903248754 551 18
1102 8903248754 551 19
1102 8903248754 551 20
1102 8903248754 551 21
1102 8903248754 551 22
1102 8903248754 551 23
1102 8903248754 551 24
1102 8903248754 551 25
1102 8903248754 551 26
1102 8903248754 551 27
1102 8903248754 551 28
1102 8903248754 551 29
1102 8903248754 551 30
1102 8903248754 551 31
1102 8903248754 551 32
1102 8903248754 551 33
1102 8903248754 551 34
1102 8903248754 551 35
1102 8903248754 551 36
1102 8903248754 551 37
1102 8903248754 551 38
1102 8903248754 551 39
1102 8903248754 551 40
1102 8903248754 551 41
1102 8903248754 551 42
1102 8903248754 551 43
1102 8903248754 551 44
1102 8903248754 551 45
1102 8903248754 551 46
1102 8903248754 551 47
1102 8903248754 551 48
1102 8903248754 551 49
1102 8903248754 551 50
1102 8903248754 551 51
1102 8903248754 551 52
1102 8903248754 551 53
1102 8903248754 551 54
1102 8903248754 551 55
1102 8903248754 551 56
1102 8903248754 551 57
1102 8903248754 551 58
1102 8903248754 551 59
1102 8903248754 551 60
1102 8903248754 551 61
1102 8903248754 551 62
1102 8903248754 551 63
1102 8903248754 551 64
1102 8903248754 551 65
1102 8903248754 551 66
1102 8903248754 551 67
1102 8903248754 551 68
1102 8903248754 551 69
1102 8903248754 551 70
1102 8903248754 551 71
1102 8903248754 551 72
1102 8903248754 551 73
1102 8903248754 551 74
1102 8903248754 551 75
1102 8903248754 551 76
1102 8903248754 551 77
1102 8903248754 551 78
1102 8903248754 551 79
1102 8903248754 551 80
1102 8903248754 551 81
1102 8903248754 551 82
1102 8903248754 551 83
1102 8903248754 551 84
1102 8903248754 551 85
1102 8903248754 551 86
1102 8903248754 551 87
1102 8903248754 551 88
1102 8903248754 551 89
1102 8903248754 551 90
1102 8903248754 551 91
1102 8903248754 551 92
1102 8903248754 551 93
1102 8903248754 551 94
1102 8903248754 551 95
1102 8903248754 551 96
1102 8903248754 551 97
1102 8903248754 551 98
1102 8903248754 551 99
1102 8903248754 551 100
1102 8903248754 551 101
1102 8903248754 551 102
1102 8903248754 551 103
1102 8903248754 551 104
1102 8903248754 551 105
1102 8903248754 551 106
1102 8903248754 551 107
1102 8903248754 551 108
1102 8903248754 551 109
1102 8903248754 551 110
1102 8903248754 551 111
1102 8903248754 551 112
1102 8903248754 551 113
1102 8903248754 551 114
1102 8903248754 551 115
1102 8903248754 551 116
1102 8903248754 551 117
1102 8903248754 551 118
1102 8903248754 551 119
1102 8903248754 551 120
1102 8903248754 551 121
1102 8903248754 551 122
1102 8903248754 551 123
1102 8903248754 551 124
1102 8903248754 551 125
1102 8903248754 551 126
1102 8903248754 551 127
1102 8903248754 551 128
1102 8903248754 551 129
1102 8903248754 551 130
1102 8903248754 551 131
1102 8903248754 551 132
1102 8903248754 551 133
1102 8903248754 551 134
1102 8903248754 551 135
1102 8903248754 551 136
1102 8903248754 551 137
1102 8903248754 551 138
1102 8903248754 551 139
1102 8903248754 551 140
1102 8903248754 551 141
1102 8903248754 551 142
1102 8903248754 551 143
1102 8903248754 551 144
1102 8903248754 551 145
1102 8903248754 551 146
1102 8903248754 551 147
1102 8903248754 551 148
1102 8903248754 551 149
1102 8903248754 551 150
1102 8903248754 551 151
1102 8903248754 551 152
1102 8903248754 551 153
1102 8903248754 551 154
1102 8903248754 551 155
1102 8903248754 551 156
1102 8903248754 551 157
1102 8903248754 551 158
1102 8903248754 551 159
1102 8903248754 551 160
1102 8903248754 551 161
1102 8903248754 551 162
1102 8903248754 551 163
1102 8903248754 551 164
1102 8903248754 551 165
1102 8903248754 551 166
1102 8903248754 551 167
1102 8903248754 551 168
1102 8903248754 551 169
1102 8903248754 551 170
1102 8903248754 551 171
1102 8903248754 551 172
1102 8903248754 551 173
1102 8903248754 551 174
1102 8903248754 551 175
1102 8903248754 551 176
1102 8903248754 551 177
1102 8903248754 551 178
1102 8903248754 551 179
1102 8903248754 551 180
1102 8903248754 551 181
1102 8903248754 551 182
1102 8903248754 551 183
1102 8903248754 551 184
1102 8903248754 551 185
1102 8903248754 551 186
1102 8903248754 551 187
1102 8903248754 551 188
1102 8903248754 551 189
1102 8903248754 551 190
1102 8903248754 551 191
1102 8903248754 551 192
1102 8903248754 551 193
1102 8903248754 551 194
1102 8903248754 551 195
1102 8903248754 551 196
1102 8903248754 551 197
1102 8903248754 551 198
1102 8903248754 551 199
1102 8903248754 551 200
1102 8903248754 551 201
1102 8903248754 551 202
1102 8903248754 551 203
1102 8903248754 551 204
1102 8903248754 551 205
1102 8903248754 551 206
1102 8903248754 551 207
1102 8903248754 551 208
1102 8903248754 551 209
1102 8903248754 551 210
1102 8903248754 551 211
1102 8903248754 551 212
1102 8903248754 551 213
1102 8903248754 551 214
1102 8903248754 551 215
1102 8903248754 551 216
1102 8903248754 551 217
1102 8903248754 551 218
1102 8903248754 551 219
1102 8903248754 551 220
1102 8903248754 551 221
1102 8903248754 551 222
1102 8903248754 551 223
1102 8903248754 551 224
1102 8903248754 551 225
1102 8903248754 551 226
1102 8903248754 551 227
1102 8903248754 551 228
1102 8903248754 551 229
1102 8903248754 551 230
1102 8903248754 551 231
1102 8903248754 551 232
1102 8903248754 551 233
1102 8903248754 551 234
1102 8903248754 551 235
1102 8903248754 551 236
1102 8903248754 551 237
1102 8903248754 551 238
1102 8903248754 551 239
1102 8903248754 551 240
1102 8903248754 551 241
1102 8903248754 551 242
1102 8903248754 551 243
1102 8903248754 551 244
1102 8903248754 551 245
1102 8903248754 551 246
1102 8903248754 551 247
1102 8903248754 551 248
1102 8903248754 551 249
1102 8903248754 551 250
1102 8903248754 551 251
1102 8903248754 551 252
1102 8903248754 551 253
1102 8903248754 551 254
1102 8903248754 551 255
1102 8903248754 551 256
1102 8903248754 551 257
1102 8903248754 551 258
1102 8903248754 551 259
1102 8903248754 551 260
1102 8903248754 551 261
1102 8903248754 551 262
1102 8903248754 551 263
1102 8903248754 551 264
1102 8903248754 551 265
1102 8903248754 551 266
1102 8903248754 551 267
1102 8903248754 551 268
1102 8903248754 551 269
1102 8903248754 551 270
1102 8903248754 551 271
1102 8903248754 551 272
1102 8903248754 551 273
1102 8903248754 551 274
1102 8903248754 551 275
1102 8903248754 551 276
1102 8903248754 551 277
1102 8903248754 551 278
1102 8903248754 551 279
1102 8903248754 551 280
1102 8903248754 551 281
1102 8903248754 551 282
1102 8903248754 551 283
1102 8903248754 551 284
1102 8903248754 551 285
1102 8903248754 551 286
1102 8903248754 551 287
1102 8903248754 551 288
1102 8903248754 551 289
1102 8903248754 551 290
1102 8903248754 551 291
1102 8903248754 551 292
1102 8903248754 551 293
1102 8903248754 551 294
1102 8903248754 551 295
1102 8903248754 551 296
1102 8903248754 551 297
1102 8903248754 551 298
1102 8903248754 551 299
1102 8903248754 551 300
1102 8903248754 551 301
1102 8903248754 551 302
1102 8903248754 551 303
1102 8903248754 551 304
1102 8903248754 551 305
1102 8903248754 551 306
1102 8903248754 551 307
1102 8903248754 551 308
1102 8903248754 551 309
1102 8903248754 551 310
1102 8903248754 551 311
1102 8903248754 551 312
1102 8903248754 551 313
1102 8903248754 551 314
1102 8903248754 551 315
1102 8903248754 551 316
1102 8903248754 551 317
1102 8903248754 551 318
1102 8903248754 551 319
1102 8903248754 551 320
1102 8903248754 551 321
1102 8903248754 551 322
1102 8903248754 551 323
1102 8903248754 551 324
1102 8903248754 551 325
1102 8903248754 551 326
1102 8903248754 551 327
1102 8903248754 551 328
1102 8903248754 551 329
1102 8903248754 551 330
1102 8903248754 551 331
1102 8903248754 551 332
1102 8903248754 551 333
1102 8903248754 551 334
1102 8903248754 551 335
1102 8903248754 551 336
1102 8903248754 551 337
1102 8903248754 551 338
1102 8903248754 551 339
1102 8903248754 551 340
1102 8903248754 551 341
1102 8903248754 551 342
1102 8903248754 551 343
1102 8903248754 551 344
1102 8903248754 551 345
1102 8903248754 551 346
1102 8903248754 551 347
1102 8903248754 551 348
1102 8903248754 551 349
1102 8903248754 551 350
1102 8903248754 551 351
1102 8903248754 551 352
1102 8903248754 551 353
1102 8903248754 551 354
1102 8903248754 551 355
1102 8903248754 551 356
1102 8903248754 551 357
1102 8903248754 551 358
1102 8903248754 551 359
1102 8903248754 551 360
1102 8903248754 551 361
1102 8903248754 551 362
1102 8903248754 551 363
1102 8903248754 551 364
1102 8903248754 551 365
1102 8903248754 551 366
1102 8903248754 551 367
1102 8903248754 551 368
1102 8903248754 551 369
1102 8903248754 551 370
1102 8903248754 551 371
1102 8903248754 551 372
1102 8903248754 551 373
1102 8903248754 551 374
1102 8903248754 551 375
1102 8903248754 551 376
1102 8903248754 551 377
1102 8903248754 551 378
1102 8903248754 551 379
1102 8903248754 551 380
1102 8903248754 551 381
1102 8903248754 551 382
1102 8903248754 551 383
1102 8903248754 551 384
1102 8903248754 551 385
1102 8903248754 551 386
1102 8903248754 551 387
1102 8903248754 551 388
1102 8903248754 551 389
1102 8903248754 551 390
1102 8903248754 551 391
1102 8903248754 551 392
1102 8903248754 551 393
1102 8903248754 551 394
1102 8903248754 551 395
1102 8903248754 551 396
1102 8903248754 551 397
1102 8903248754 551 398
1102 8903248754 551 399
1102 8903248754 551 400
1102 8903248754 551 401
1102 8903248754 551 402
1102 8903248754 551 403
1102 8903248754 551 404
1102 8903248754 551 405
1102 8903248754 551 406
1102 8903248754 551 407
1102 8903248754 551 408
1102 8903248754 551 409
1102 8903248754 551 410
1102 8903248754 551 411
1102 8903248754 551 412
1102 8903248754 551 413
1102 8903248754 551 414
1102 8903248754 551 415
1102 8903248754 551 416
1102 8903248754 551 417
1102 8903248754 551 418
1102 8903248754 551 419
1102 8903248754 551 420
1102 8903248754 551 421
1102 8903248754 551 422
1102 8903248754 551 423
1102 8903248754 551 424
1102 8903248754 551 425
1102 8903248754 551 426
1102 8903248754 551 427
1102 8903248754 551 428
1102 8903248754 551 429
1102 8903248754 551 430
1102 8903248754 551 431
1102 8903248754 551 432
1102 8903248754 551 433
1102 8903248754 551 434
1102 8903248754 551 435
1102 8903248754 551 436
1102 8903248754 551 437
1102 8903248754 551 438
1102 8903248754 551 439
1102 8903248754 551 440
1102 8903248754 551 441
1102 8903248754 551 442
1102 8903248754 551 443
1102 8903248754 551 444
1102 8903248754 551 445
1102 8903248754 551 446
1102 8903248754 551 447
1102 8903248754 551 448
1102 8903248754 551 449
1102 8903248754 551 450
1102 8903248754 551 451
1102 8903248754 551 452
1102 8903248754 551 453
1102 8903248754 551 454
1102 8903248754 551 455
1102 8903248754 551 456
1102 8903248754 551 457
1102 8903248754 551 458
1102 8903248754 551 459
1102 8903248754 551 460
1102 8903248754 551 461
1102 8903248754 551 462
1102 8903248754 551 463
1102 8903248754 551 464
1102 8903248754 551 465
1102 8903248754 551 466
1102 8903248754 551 467
1102 8903248754 551 468
1102 8903248754 551 469
1102 8903248754 551 470
1102 8903248754 551 471
1102 8903248754 551 472
1102 8903248754 551 473
1102 8903248754 551 474
1102 8903248754 551 475
1102 8903248754 551 476
1102 8903248754 551 477
1102 8903248754 551 478
1102 8903248754 551 479
1102 8903248754 551 480
1102 8903248754 551 481
1102 8903248754 551 482
1102 8903248754 551 483
1102 8903248754 551 484
1102 8903248754 551 485
1102 8903248754 551 486
1102 8903248754 551 487
1102 8903248754 551 488
1102 8903248754 551 489
1102 8903248754 551 490
1102 8903248754 551 491
1102 8903248754 551 492
1102 8903248754 551 493
1102 8903248754 551 494
1102 8903248754 551 495
1102 8903248754 551 496
1102 8903248754 551 497
1102 8903248754 551 498
1102 8903248754 551 499
1102 8903248754 551 500
1102 8903248754 551 501
1102 8903248754 551 502
1102 8903248754 551 503
1102 8903248754 551 504
1102 8903248754 551 505
1102 8903248754 551 506
1102 8903248754 551 507
1102 8903248754 551 508
1102 8903248754 551 509
1102 8903248754 551 510
1102 8903248754 551 511
1102 8903248754 551 512
1102 8903248754 551 513
1102 8903248754 551 514
1102 8903248754 551 515
1102 8903248754 551 516
1102 8903248754 551 517
1102 8903248754 551 518
1102 8903248754 551 519
1102 8903248754 551 520
1102 8903248754 551 521
1102 8903248754 551 522
1102 8903248754 551 523
1102 8903248754 551 524
1102 8903248754 551 525
1102 8903248754 551 526
1102 8903248754 551 527
1102 8903248754 551 528
1102 8903248754 551 529
1102 8903248754 551 530
1102 8903248754 551 531
1102 8903248754 551 532
1102 8903248754 551 533
1102 8903248754 551 534
1102 8903248754 551 535
1102 8903248754 551 536
1102 8903248754 551 537
1102 8903248754 551 538
1102 8903248754 551 539
1102 8903248754 551 540
1102 8903248754 551 541
1102 8903248754 551 542
1102 8903248754 551 543
1102 8903248754 551 544
1102 8903248754 551 545
1102 8903248754 551 546
1102 8903248754 551 547
1102 8903248754 551 548
1102 8903248754 551 549
1102 8903248754 551 550
1102 8903248754 551 551
1102 8964818833 480 1
1102 8964818833 480 2
1102 8964818833 480 3
1102 8964818833 480 4
1102 8964818833 480 5
1102 8964818833 480 6
1102 8964818833 480 7
1102 8964818833 480 8
1102 8964818833 480 9
1102 8964818833 480 10
1102 8964818833 480 11
1102 8964818833 480 12
1102 8964818833 480 13
1102 8964818833 480 14
1102 8964818833 480 15
1102 8964818833 480 16
1102 8964818833 480 17
1102 8964818833 480 18
1102 8964818833 480 19
1102 8964818833 480 20
1102 8964818833 480 21
1102 8964818833 480 22
1102 8964818833 480 23
1102 8964818833 480 24
1102 8964818833 480 25
1102 8964818833 480 26
1102 8964818833 480 27
1102 8964818833 480 28
1102 8964818833 480 29
1102 8964818833 480 30
1102 8964818833 480 31
1102 8964818833 480 32
1102 8964818833 480 33
1102 8964818833 480 34
1102 8964818833 480 35
1102 8964818833 480 36
1102 8964818833 480 37
1102 8964818833 480 38
1102 8964818833 480 39
1102 8964818833 480 40
1102 8964818833 480 41
1102 8964818833 480 42
1102 8964818833 480 43
1102 8964818833 480 44
1102 8964818833 480 45
1102 8964818833 480 46
1102 8964818833 480 47
1102 8964818833 480 48
1102 8964818833 480 49
1102 8964818833 480 50
1102 8964818833 480 51
1102 8964818833 480 52
1102 8964818833 480 53
1102 8964818833 480 54
1102 8964818833 480 55
1102 8964818833 480 56
1102 8964818833 480 57
1102 8964818833 480 58
1102 8964818833 480 59
1102 8964818833 480 60
1102 8964818833 480 61
1102 8964818833 480 62
1102 8964818833 480 63
1102 8964818833 480 64
1102 8964818833 480 65
1102 8964818833 480 66
1102 8964818833 480 67
1102 8964818833 480 68
1102 8964818833 480 69
1102 8964818833 480 70
1102 8964818833 480 71
1102 8964818833 480 72
1102 8964818833 480 73
1102 8964818833 480 74
1102 8964818833 480 75
1102 8964818833 480 76
1102 8964818833 480 77
1102 8964818833 480 78
1102 8964818833 480 79
1102 8964818833 480 80
1102 8964818833 480 81
1102 8964818833 480 82
1102 8964818833 480 83
1102 8964818833 480 84
1102 8964818833 480 85
1102 8964818833 480 86
1102 8964818833 480 87
1102 8964818833 480 88
1102 8964818833 480 89
1102 8964818833 480 90
1102 8964818833 480 91
1102 8964818833 480 92
1102 8964818833 480 93
1102 8964818833 480 94
1102 8964818833 480 95
1102 8964818833 480 96
1102 8964818833 480 97
1102 8964818833 480 98
1102 8964818833 480 99
1102 8964818833 480 100
1102 8964818833 480 101
1102 8964818833 480 102
1102 8964818833 480 103
1102 8964818833 480 104
1102 8964818833 480 105
1102 8964818833 480 106
1102 8964818833 480 107
1102 8964818833 480 108
1102 8964818833 480 109
1102 8964818833 480 110
1102 8964818833 480 111
1102 8964818833 480 112
1102 8964818833 480 113
1102 8964818833 480 114
1102 8964818833 480 115
1102 8964818833 480 116
1102 8964818833 480 117
1102 8964818833 480 118
1102 8964818833 480 119
1102 8964818833 480 120
1102 8964818833 480 121
1102 8964818833 480 122
1102 8964818833 480 123
1102 8964818833 480 124
1102 8964818833 480 125
1102 8964818833 480 126
1102 8964818833 480 127
1102 8964818833 480 128
1102 8964818833 480 129
1102 8964818833 480 130
1102 8964818833 480 131
1102 8964818833 480 132
1102 8964818833 480 133
1102 8964818833 480 134
1102 8964818833 480 135
1102 8964818833 480 136
1102 8964818833 480 137
1102 8964818833 480 138
1102 8964818833 480 139
1102 8964818833 480 140
1102 8964818833 480 141
1102 8964818833 480 142
1102 8964818833 480 143
1102 8964818833 480 144
1102 8964818833 480 145
1102 8964818833 480 146
1102 8964818833 480 147
1102 8964818833 480 148
1102 8964818833 480 149
1102 8964818833 480 150
1102 8964818833 480 151
1102 8964818833 480 152
1102 8964818833 480 153
1102 8964818833 480 154
1102 8964818833 480 155
1102 8964818833 480 156
1102 8964818833 480 157
1102 8964818833 480 158
1102 8964818833 480 159
1102 8964818833 480 160
1102 8964818833 480 161
1102 8964818833 480 162
1102 8964818833 480 163
1102 8964818833 480 164
1102 8964818833 480 165
1102 8964818833 480 166
1102 8964818833 480 167
1102 8964818833 480 168
1102 8964818833 480 169
1102 8964818833 480 170
1102 8964818833 480 171
1102 8964818833 480 172
1102 8964818833 480 173
1102 8964818833 480 174
1102 8964818833 480 175
1102 8964818833 480 176
1102 8964818833 480 177
1102 8964818833 480 178
1102 8964818833 480 179
1102 8964818833 480 180
1102 8964818833 480 181
1102 8964818833 480 182
1102 8964818833 480 183
1102 8964818833 480 184
1102 8964818833 480 185
1102 8964818833 480 186
1102 8964818833 480 187
1102 8964818833 480 188
1102 8964818833 480 189
1102 8964818833 480 190
1102 8964818833 480 191
1102 8964818833 480 192
1102 8964818833 480 193
1102 8964818833 480 194
1102 8964818833 480 195
1102 8964818833 480 196
1102 8964818833 480 197
1102 8964818833 480 198
1102 8964818833 480 199
1102 8964818833 480 200
1102 8964818833 480 201
1102 8964818833 480 202
1102 8964818833 480 203
1102 8964818833 480 204
1102 8964818833 480 205
1102 8964818833 480 206
1102 8964818833 480 207
1102 8964818833 480 208
1102 8964818833 480 209
1102 8964818833 480 210
1102 8964818833 480 211
1102 8964818833 480 212
1102 8964818833 480 213
1102 8964818833 480 214
1102 8964818833 480 215
1102 8964818833 480 216
1102 8964818833 480 217
1102 8964818833 480 218
1102 8964818833 480 219
1102 8964818833 480 220
1102 8964818833 480 221
1102 8964818833 480 222
1102 8964818833 480 223
1102 8964818833 480 224
1102 8964818833 480 225
1102 8964818833 480 226
1102 8964818833 480 227
1102 8964818833 480 228
1102 8964818833 480 229
1102 8964818833 480 230
1102 8964818833 480 231
1102 8964818833 480 232
1102 8964818833 480 233
1102 8964818833 480 234
1102 8964818833 480 235
1102 8964818833 480 236
1102 8964818833 480 237
1102 8964818833 480 238
1102 8964818833 480 239
1102 8964818833 480 240
1102 8964818833 480 241
1102 8964818833 480 242
1102 8964818833 480 243
1102 8964818833 480 244
1102 8964818833 480 245
1102 8964818833 480 246
1102 8964818833 480 247
1102 8964818833 480 248
1102 8964818833 480 249
1102 8964818833 480 250
1102 8964818833 480 251
1102 8964818833 480 252
1102 8964818833 480 253
1102 8964818833 480 254
1102 8964818833 480 255
1102 8964818833 480 256
1102 8964818833 480 257
1102 8964818833 480 258
1102 8964818833 480 259
1102 8964818833 480 260
1102 8964818833 480 261
1102 8964818833 480 262
1102 8964818833 480 263
1102 8964818833 480 264
1102 8964818833 480 265
1102 8964818833 480 266
1102 8964818833 480 267
1102 8964818833 480 268
1102 8964818833 480 269
1102 8964818833 480 270
1102 8964818833 480 271
1102 8964818833 480 272
1102 8964818833 480 273
1102 8964818833 480 274
1102 8964818833 480 275
1102 8964818833 480 276
1102 8964818833 480 277
1102 8964818833 480 278
1102 8964818833 480 279
1102 8964818833 480 280
1102 8964818833 480 281
1102 8964818833 480 282
1102 8964818833 480 283
1102 8964818833 480 284
1102 8964818833 480 285
1102 8964818833 480 286
1102 8964818833 480 287
1102 8964818833 480 288
1102 8964818833 480 289
1102 8964818833 480 290
1102 8964818833 480 291
1102 8964818833 480 292
1102 8964818833 480 293
1102 8964818833 480 294
1102 8964818833 480 295
1102 8964818833 480 296
1102 8964818833 480 297
1102 8964818833 480 298
1102 8964818833 480 299
1102 8964818833 480 300
1102 8964818833 480 301
1102 8964818833 480 302
1102 8964818833 480 303
1102 8964818833 480 304
1102 8964818833 480 305
1102 8964818833 480 306
1102 8964818833 480 307
1102 8964818833 480 308
1102 8964818833 480 309
1102 8964818833 480 310
1102 8964818833 480 311
1102 8964818833 480 312
1102 8964818833 480 313
1102 8964818833 480 314
1102 8964818833 480 315
1102 8964818833 480 316
1102 8964818833 480 317
1102 8964818833 480 318
1102 8964818833 480 319
1102 8964818833 480 320
1102 8964818833 480 321
1102 8964818833 480 322
1102 8964818833 480 323
1102 8964818833 480 324
1102 8964818833 480 325
1102 8964818833 480 326
1102 8964818833 480 327
1102 8964818833 480 328
1102 8964818833 480 329
1102 8964818833 480 330
1102 8964818833 480 331
1102 8964818833 480 332
1102 8964818833 480 333
1102 8964818833 480 334
1102 8964818833 480 335
1102 8964818833 480 336
1102 8964818833 480 337
1102 8964818833 480 338
1102 8964818833 480 339
1102 8964818833 480 340
1102 8964818833 480 341
1102 8964818833 480 342
1102 8964818833 480 343
1102 8964818833 480 344
1102 8964818833 480 345
1102 8964818833 480 346
1102 8964818833 480 347
1102 8964818833 480 348
1102 8964818833 480 349
1102 8964818833 480 350
1102 8964818833 480 351
1102 8964818833 480 352
1102 8964818833 480 353
1102 8964818833 480 354
1102 8964818833 480 355
1102 8964818833 480 356
1102 8964818833 480 357
1102 8964818833 480 358
1102 8964818833 480 359
1102 8964818833 480 360
1102 8964818833 480 361
1102 8964818833 480 362
1102 8964818833 480 363
1102 8964818833 480 364
1102 8964818833 480 365
1102 8964818833 480 366
1102 8964818833 480 367
1102 8964818833 480 368
1102 8964818833 480 369
1102 8964818833 480 370
1102 8964818833 480 371
1102 8964818833 480 372
1102 8964818833 480 373
1102 8964818833 480 374
1102 8964818833 480 375
1102 8964818833 480 376
1102 8964818833 480 377
1102 8964818833 480 378
1102 8964818833 480 379
1102 8964818833 480 380
1102 8964818833 480 381
1102 8964818833 480 382
1102 8964818833 480 383
1102 8964818833 480 384
1102 8964818833 480 385
1102 8964818833 480 386
1102 8964818833 480 387
1102 8964818833 480 388
1102 8964818833 480 389
1102 8964818833 480 390
1102 8964818833 480 391
1102 8964818833 480 392
1102 8964818833 480 393
1102 8964818833 480 394
1102 8964818833 480 395
1102 8964818833 480 396
1102 8964818833 480 397
1102 8964818833 480 398
1102 8964818833 480 399
1102 8964818833 480 400
1102 8964818833 480 401
1102 8964818833 480 402
1102 8964818833 480 403
1102 8964818833 480 404
1102 8964818833 480 405
1102 8964818833 480 406
1102 8964818833 480 407
1102 8964818833 480 408
1102 8964818833 480 409
1102 8964818833 480 410
1102 8964818833 480 411
1102 8964818833 480 412
1102 8964818833 480 413
1102 8964818833 480 414
1102 8964818833 480 415
1102 8964818833 480 416
1102 8964818833 480 417
1102 8964818833 480 418
1102 8964818833 480 419
1102 8964818833 480 420
1102 8964818833 480 421
1102 8964818833 480 422
1102 8964818833 480 423
1102 8964818833 480 424
1102 8964818833 480 425
1102 8964818833 480 426
1102 8964818833 480 427
1102 8964818833 480 428
1102 8964818833 480 429
1102 8964818833 480 430
1102 8964818833 480 431
1102 8964818833 480 432
1102 8964818833 480 433
1102 8964818833 480 434
1102 8964818833 480 435
1102 8964818833 480 436
1102 8964818833 480 437
1102 8964818833 480 438
1102 8964818833 480 439
1102 8964818833 480 440
1102 8964818833 480 441
1102 8964818833 480 442
1102 8964818833 480 443
1102 8964818833 480 444
1102 8964818833 480 445
1102 8964818833 480 446
1102 8964818833 480 447
1102 8964818833 480 448
1102 8964818833 480 449
1102 8964818833 480 450
1102 8964818833 480 451
1102 8964818833 480 452
1102 8964818833 480 453
1102 8964818833 480 454
1102 8964818833 480 455
1102 8964818833 480 456
1102 8964818833 480 457
1102 8964818833 480 458
1102 8964818833 480 459
1102 8964818833 480 460
1102 8964818833 480 461
1102 8964818833 480 462
1102 8964818833 480 463
1102 8964818833 480 464
1102 8964818833 480 465
1102 8964818833 480 466
1102 8964818833 480 467
1102 8964818833 480 468
1102 8964818833 480 469
1102 8964818833 480 470
1102 8964818833 480 471
1102 8964818833 480 472
1102 8964818833 480 473
1102 8964818833 480 474
1102 8964818833 480 475
1102 8964818833 480 476
1102 8964818833 480 477
1102 8964818833 480 478
1102 8964818833 480 479
1102 8964818833 480 480
1102 9064842180 375 1
1102 9064842180 375 2
1102 9064842180 375 3
1102 9064842180 375 4
1102 9064842180 375 5
1102 9064842180 375 6
1102 9064842180 375 7
1102 9064842180 375 8
1102 9064842180 375 9
1102 9064842180 375 10
1102 9064842180 375 11
1102 9064842180 375 12
1102 9064842180 375 13
1102 9064842180 375 14
1102 9064842180 375 15
1102 9064842180 375 16
1102 9064842180 375 17
1102 9064842180 375 18
1102 9064842180 375 19
1102 9064842180 375 20
1102 9064842180 375 21
1102 9064842180 375 22
1102 9064842180 375 23
1102 9064842180 375 24
1102 9064842180 375 25
1102 9064842180 375 26
1102 9064842180 375 27
1102 9064842180 375 28
1102 9064842180 375 29
1102 9064842180 375 30
1102 9064842180 375 31
1102 9064842180 375 32
1102 9064842180 375 33
1102 9064842180 375 34
1102 9064842180 375 35
1102 9064842180 375 36
1102 9064842180 375 37
1102 9064842180 375 38
1102 9064842180 375 39
1102 9064842180 375 40
1102 9064842180 375 41
1102 9064842180 375 42
1102 9064842180 375 43
1102 9064842180 375 44
1102 9064842180 375 45
1102 9064842180 375 46
1102 9064842180 375 47
1102 9064842180 375 48
1102 9064842180 375 49
1102 9064842180 375 50
1102 9064842180 375 51
1102 9064842180 375 52
1102 9064842180 375 53
1102 9064842180 375 54
1102 9064842180 375 55
1102 9064842180 375 56
1102 9064842180 375 57
1102 9064842180 375 58
1102 9064842180 375 59
1102 9064842180 375 60
1102 9064842180 375 61
1102 9064842180 375 62
1102 9064842180 375 63
1102 9064842180 375 64
1102 9064842180 375 65
1102 9064842180 375 66
1102 9064842180 375 67
1102 9064842180 375 68
1102 9064842180 375 69
1102 9064842180 375 70
1102 9064842180 375 71
1102 9064842180 375 72
1102 9064842180 375 73
1102 9064842180 375 74
1102 9064842180 375 75
1102 9064842180 375 76
1102 9064842180 375 77
1102 9064842180 375 78
1102 9064842180 375 79
1102 9064842180 375 80
1102 9064842180 375 81
1102 9064842180 375 82
1102 9064842180 375 83
1102 9064842180 375 84
1102 9064842180 375 85
1102 9064842180 375 86
1102 9064842180 375 87
1102 9064842180 375 88
1102 9064842180 375 89
1102 9064842180 375 90
1102 9064842180 375 91
1102 9064842180 375 92
1102 9064842180 375 93
1102 9064842180 375 94
1102 9064842180 375 95
1102 9064842180 375 96
1102 9064842180 375 97
1102 9064842180 375 98
1102 9064842180 375 99
1102 9064842180 375 100
1102 9064842180 375 101
1102 9064842180 375 102
1102 9064842180 375 103
1102 9064842180 375 104
1102 9064842180 375 105
1102 9064842180 375 106
1102 9064842180 375 107
1102 9064842180 375 108
1102 9064842180 375 109
1102 9064842180 375 110
1102 9064842180 375 111
1102 9064842180 375 112
1102 9064842180 375 113
1102 9064842180 375 114
1102 9064842180 375 115
1102 9064842180 375 116
1102 9064842180 375 117
1102 9064842180 375 118
1102 9064842180 375 119
1102 9064842180 375 120
1102 9064842180 375 121
1102 9064842180 375 122
1102 9064842180 375 123
1102 9064842180 375 124
1102 9064842180 375 125
1102 9064842180 375 126
1102 9064842180 375 127
1102 9064842180 375 128
1102 9064842180 375 129
1102 9064842180 375 130
1102 9064842180 375 131
1102 9064842180 375 132
1102 9064842180 375 133
1102 9064842180 375 134
1102 9064842180 375 135
1102 9064842180 375 136
1102 9064842180 375 137
1102 9064842180 375 138
1102 9064842180 375 139
1102 9064842180 375 140
1102 9064842180 375 141
1102 9064842180 375 142
1102 9064842180 375 143
1102 9064842180 375 144
1102 9064842180 375 145
1102 9064842180 375 146
1102 9064842180 375 147
1102 9064842180 375 148
1102 9064842180 375 149
1102 9064842180 375 150
1102 9064842180 375 151
1102 9064842180 375 152
1102 9064842180 375 153
1102 9064842180 375 154
1102 9064842180 375 155
1102 9064842180 375 156
1102 9064842180 375 157
1102 9064842180 375 158
1102 9064842180 375 159
1102 9064842180 375 160
1102 9064842180 375 161
1102 9064842180 375 162
1102 9064842180 375 163
1102 9064842180 375 164
1102 9064842180 375 165
1102 9064842180 375 166
1102 9064842180 375 167
1102 9064842180 375 168
1102 9064842180 375 169
1102 9064842180 375 170
1102 9064842180 375 171
1102 9064842180 375 172
1102 9064842180 375 173
1102 9064842180 375 174
1102 9064842180 375 175
1102 9064842180 375 176
1102 9064842180 375 177
1102 9064842180 375 178
1102 9064842180 375 179
1102 9064842180 375 180
1102 9064842180 375 181
1102 9064842180 375 182
1102 9064842180 375 183
1102 9064842180 375 184
1102 9064842180 375 185
1102 9064842180 375 186
1102 9064842180 375 187
1102 9064842180 375 188
1102 9064842180 375 189
1102 9064842180 375 190
1102 9064842180 375 191
1102 9064842180 375 192
1102 9064842180 375 193
1102 9064842180 375 194
1102 9064842180 375 195
1102 9064842180 375 196
1102 9064842180 375 197
1102 9064842180 375 198
1102 9064842180 375 199
1102 9064842180 375 200
1102 9064842180 375 201
1102 9064842180 375 202
1102 9064842180 375 203
1102 9064842180 375 204
1102 9064842180 375 205
1102 9064842180 375 206
1102 9064842180 375 207
1102 9064842180 375 208
1102 9064842180 375 209
1102 9064842180 375 210
1102 9064842180 375 211
1102 9064842180 375 212
1102 9064842180 375 213
1102 9064842180 375 214
1102 9064842180 375 215
1102 9064842180 375 216
1102 9064842180 375 217
1102 9064842180 375 218
1102 9064842180 375 219
1102 9064842180 375 220
1102 9064842180 375 221
1102 9064842180 375 222
1102 9064842180 375 223
1102 9064842180 375 224
1102 9064842180 375 225
1102 9064842180 375 226
1102 9064842180 375 227
1102 9064842180 375 228
1102 9064842180 375 229
1102 9064842180 375 230
1102 9064842180 375 231
1102 9064842180 375 232
1102 9064842180 375 233
1102 9064842180 375 234
1102 9064842180 375 235
1102 9064842180 375 236
1102 9064842180 375 237
1102 9064842180 375 238
1102 9064842180 375 239
1102 9064842180 375 240
1102 9064842180 375 241
1102 9064842180 375 242
1102 9064842180 375 243
1102 9064842180 375 244
1102 9064842180 375 245
1102 9064842180 375 246
1102 9064842180 375 247
1102 9064842180 375 248
1102 9064842180 375 249
1102 9064842180 375 250
1102 9064842180 375 251
1102 9064842180 375 252
1102 9064842180 375 253
1102 9064842180 375 254
1102 9064842180 375 255
1102 9064842180 375 256
1102 9064842180 375 257
1102 9064842180 375 258
1102 9064842180 375 259
1102 9064842180 375 260
1102 9064842180 375 261
1102 9064842180 375 262
1102 9064842180 375 263
1102 9064842180 375 264
1102 9064842180 375 265
1102 9064842180 375 266
1102 9064842180 375 267
1102 9064842180 375 268
1102 9064842180 375 269
1102 9064842180 375 270
1102 9064842180 375 271
1102 9064842180 375 272
1102 9064842180 375 273
1102 9064842180 375 274
1102 9064842180 375 275
1102 9064842180 375 276
1102 9064842180 375 277
1102 9064842180 375 278
1102 9064842180 375 279
1102 9064842180 375 280
1102 9064842180 375 281
1102 9064842180 375 282
1102 9064842180 375 283
1102 9064842180 375 284
1102 9064842180 375 285
1102 9064842180 375 286
1102 9064842180 375 287
1102 9064842180 375 288
1102 9064842180 375 289
1102 9064842180 375 290
1102 9064842180 375 291
1102 9064842180 375 292
1102 9064842180 375 293
1102 9064842180 375 294
1102 9064842180 375 295
1102 9064842180 375 296
1102 9064842180 375 297
1102 9064842180 375 298
1102 9064842180 375 299
1102 9064842180 375 300
1102 9064842180 375 301
1102 9064842180 375 302
1102 9064842180 375 303
1102 9064842180 375 304
1102 9064842180 375 305
1102 9064842180 375 306
1102 9064842180 375 307
1102 9064842180 375 308
1102 9064842180 375 309
1102 9064842180 375 310
1102 9064842180 375 311
1102 9064842180 375 312
1102 9064842180 375 313
1102 9064842180 375 314
1102 9064842180 375 315
1102 9064842180 375 316
1102 9064842180 375 317
1102 9064842180 375 318
1102 9064842180 375 319
1102 9064842180 375 320
1102 9064842180 375 321
1102 9064842180 375 322
1102 9064842180 375 323
1102 9064842180 375 324
1102 9064842180 375 325
1102 9064842180 375 326
1102 9064842180 375 327
1102 9064842180 375 328
1102 9064842180 375 329
1102 9064842180 375 330
1102 9064842180 375 331
1102 9064842180 375 332
1102 9064842180 375 333
1102 9064842180 375 334
1102 9064842180 375 335
1102 9064842180 375 336
1102 9064842180 375 337
1102 9064842180 375 338
1102 9064842180 375 339
1102 9064842180 375 340
1102 9064842180 375 341
1102 9064842180 375 342
1102 9064842180 375 343
1102 9064842180 375 344
1102 9064842180 375 345
1102 9064842180 375 346
1102 9064842180 375 347
1102 9064842180 375 348
1102 9064842180 375 349
1102 9064842180 375 350
1102 9064842180 375 351
1102 9064842180 375 352
1102 9064842180 375 353
1102 9064842180 375 354
1102 9064842180 375 355
1102 9064842180 375 356
1102 9064842180 375 357
1102 9064842180 375 358
1102 9064842180 375 359
1102 9064842180 375 360
1102 9064842180 375 361
1102 9064842180 375 362
1102 9064842180 375 363
1102 9064842180 375 364
1102 9064842180 375 365
1102 9064842180 375 366
1102 9064842180 375 367
1102 9064842180 375 368
1102 9064842180 375 369
1102 9064842180 375 370
1102 9064842180 375 371
1102 9064842180 375 372
1102 9064842180 375 373
1102 9064842180 375 374
1102 9064842180 375 375
1102 9221177061 120 1
1102 9221177061 120 2
1102 9221177061 120 3
1102 9221177061 120 4
1102 9221177061 120 5
1102 9221177061 120 6
1102 9221177061 120 7
1102 9221177061 120 8
1102 9221177061 120 9
1102 9221177061 120 10
1102 9221177061 120 11
1102 9221177061 120 12
1102 9221177061 120 13
1102 9221177061 120 14
1102 9221177061 120 15
1102 9221177061 120 16
1102 9221177061 120 17
1102 9221177061 120 18
1102 9221177061 120 19
1102 9221177061 120 20
1102 9221177061 120 21
1102 9221177061 120 22
1102 9221177061 120 23
1102 9221177061 120 24
1102 9221177061 120 25
1102 9221177061 120 26
1102 9221177061 120 27
1102 9221177061 120 28
1102 9221177061 120 29
1102 9221177061 120 30
1102 9221177061 120 31
1102 9221177061 120 32
1102 9221177061 120 33
1102 9221177061 120 34
1102 9221177061 120 35
1102 9221177061 120 36
1102 9221177061 120 37
1102 9221177061 120 38
1102 9221177061 120 39
1102 9221177061 120 40
1102 9221177061 120 41
1102 9221177061 120 42
1102 9221177061 120 43
1102 9221177061 120 44
1102 9221177061 120 45
1102 9221177061 120 46
1102 9221177061 120 47
1102 9221177061 120 48
1102 9221177061 120 49
1102 9221177061 120 50
1102 9221177061 120 51
1102 9221177061 120 52
1102 9221177061 120 53
1102 9221177061 120 54
1102 9221177061 120 55
1102 9221177061 120 56
1102 9221177061 120 57
1102 9221177061 120 58
1102 9221177061 120 59
1102 9221177061 120 60
1102 9221177061 120 61
1102 9221177061 120 62
1102 9221177061 120 63
1102 9221177061 120 64
1102 9221177061 120 65
1102 9221177061 120 66
1102 9221177061 120 67
1102 9221177061 120 68
1102 9221177061 120 69
1102 9221177061 120 70
1102 9221177061 120 71
1102 9221177061 120 72
1102 9221177061 120 73
1102 9221177061 120 74
1102 9221177061 120 75
1102 9221177061 120 76
1102 9221177061 120 77
1102 9221177061 120 78
1102 9221177061 120 79
1102 9221177061 120 80
1102 9221177061 120 81
1102 9221177061 120 82
1102 9221177061 120 83
1102 9221177061 120 84
1102 9221177061 120 85
1102 9221177061 120 86
1102 9221177061 120 87
1102 9221177061 120 88
1102 9221177061 120 89
1102 9221177061 120 90
1102 9221177061 120 91
1102 9221177061 120 92
1102 9221177061 120 93
1102 9221177061 120 94
1102 9221177061 120 95
1102 9221177061 120 96
1102 9221177061 120 97
1102 9221177061 120 98
1102 9221177061 120 99
1102 9221177061 120 100
1102 9221177061 120 101
1102 9221177061 120 102
1102 9221177061 120 103
1102 9221177061 120 104
1102 9221177061 120 105
1102 9221177061 120 106
1102 9221177061 120 107
1102 9221177061 120 108
1102 9221177061 120 109
1102 9221177061 120 110
1102 9221177061 120 111
1102 9221177061 120 112
1102 9221177061 120 113
1102 9221177061 120 114
1102 9221177061 120 115
1102 9221177061 120 116
1102 9221177061 120 117
1102 9221177061 120 118
1102 9221177061 120 119
1102 9221177061 120 120
1102 9594500371 743 1
1102 9594500371 743 2
1102 9594500371 743 3
1102 9594500371 743 4
1102 9594500371 743 5
1102 9594500371 743 6
1102 9594500371 743 7
1102 9594500371 743 8
1102 9594500371 743 9
1102 9594500371 743 10
1102 9594500371 743 11
1102 9594500371 743 12
1102 9594500371 743 13
1102 9594500371 743 14
1102 9594500371 743 15
1102 9594500371 743 16
1102 9594500371 743 17
1102 9594500371 743 18
1102 9594500371 743 19
1102 9594500371 743 20
1102 9594500371 743 21
1102 9594500371 743 22
1102 9594500371 743 23
1102 9594500371 743 24
1102 9594500371 743 25
1102 9594500371 743 26
1102 9594500371 743 27
1102 9594500371 743 28
1102 9594500371 743 29
1102 9594500371 743 30
1102 9594500371 743 31
1102 9594500371 743 32
1102 9594500371 743 33
1102 9594500371 743 34
1102 9594500371 743 35
1102 9594500371 743 36
1102 9594500371 743 37
1102 9594500371 743 38
1102 9594500371 743 39
1102 9594500371 743 40
1102 9594500371 743 41
1102 9594500371 743 42
1102 9594500371 743 43
1102 9594500371 743 44
1102 9594500371 743 45
1102 9594500371 743 46
1102 9594500371 743 47
1102 9594500371 743 48
1102 9594500371 743 49
1102 9594500371 743 50
1102 9594500371 743 51
1102 9594500371 743 52
1102 9594500371 743 53
1102 9594500371 743 54
1102 9594500371 743 55
1102 9594500371 743 56
1102 9594500371 743 57
1102 9594500371 743 58
1102 9594500371 743 59
1102 9594500371 743 60
1102 9594500371 743 61
1102 9594500371 743 62
1102 9594500371 743 63
1102 9594500371 743 64
1102 9594500371 743 65
1102 9594500371 743 66
1102 9594500371 743 67
1102 9594500371 743 68
1102 9594500371 743 69
1102 9594500371 743 70
1102 9594500371 743 71
1102 9594500371 743 72
1102 9594500371 743 73
1102 9594500371 743 74
1102 9594500371 743 75
1102 9594500371 743 76
1102 9594500371 743 77
1102 9594500371 743 78
1102 9594500371 743 79
1102 9594500371 743 80
1102 9594500371 743 81
1102 9594500371 743 82
1102 9594500371 743 83
1102 9594500371 743 84
1102 9594500371 743 85
1102 9594500371 743 86
1102 9594500371 743 87
1102 9594500371 743 88
1102 9594500371 743 89
1102 9594500371 743 90
1102 9594500371 743 91
1102 9594500371 743 92
1102 9594500371 743 93
1102 9594500371 743 94
1102 9594500371 743 95
1102 9594500371 743 96
1102 9594500371 743 97
1102 9594500371 743 98
1102 9594500371 743 99
1102 9594500371 743 100
1102 9594500371 743 101
1102 9594500371 743 102
1102 9594500371 743 103
1102 9594500371 743 104
1102 9594500371 743 105
1102 9594500371 743 106
1102 9594500371 743 107
1102 9594500371 743 108
1102 9594500371 743 109
1102 9594500371 743 110
1102 9594500371 743 111
1102 9594500371 743 112
1102 9594500371 743 113
1102 9594500371 743 114
1102 9594500371 743 115
1102 9594500371 743 116
1102 9594500371 743 117
1102 9594500371 743 118
1102 9594500371 743 119
1102 9594500371 743 120
1102 9594500371 743 121
1102 9594500371 743 122
1102 9594500371 743 123
1102 9594500371 743 124
1102 9594500371 743 125
1102 9594500371 743 126
1102 9594500371 743 127
1102 9594500371 743 128
1102 9594500371 743 129
1102 9594500371 743 130
1102 9594500371 743 131
1102 9594500371 743 132
1102 9594500371 743 133
1102 9594500371 743 134
1102 9594500371 743 135
1102 9594500371 743 136
1102 9594500371 743 137
1102 9594500371 743 138
1102 9594500371 743 139
1102 9594500371 743 140
1102 9594500371 743 141
1102 9594500371 743 142
1102 9594500371 743 143
1102 9594500371 743 144
1102 9594500371 743 145
1102 9594500371 743 146
1102 9594500371 743 147
1102 9594500371 743 148
1102 9594500371 743 149
1102 9594500371 743 150
1102 9594500371 743 151
1102 9594500371 743 152
1102 9594500371 743 153
1102 9594500371 743 154
1102 9594500371 743 155
1102 9594500371 743 156
1102 9594500371 743 157
1102 9594500371 743 158
1102 9594500371 743 159
1102 9594500371 743 160
1102 9594500371 743 161
1102 9594500371 743 162
1102 9594500371 743 163
1102 9594500371 743 164
1102 9594500371 743 165
1102 9594500371 743 166
1102 9594500371 743 167
1102 9594500371 743 168
1102 9594500371 743 169
1102 9594500371 743 170
1102 9594500371 743 171
1102 9594500371 743 172
1102 9594500371 743 173
1102 9594500371 743 174
1102 9594500371 743 175
1102 9594500371 743 176
1102 9594500371 743 177
1102 9594500371 743 178
1102 9594500371 743 179
1102 9594500371 743 180
1102 9594500371 743 181
1102 9594500371 743 182
1102 9594500371 743 183
1102 9594500371 743 184
1102 9594500371 743 185
1102 9594500371 743 186
1102 9594500371 743 187
1102 9594500371 743 188
1102 9594500371 743 189
1102 9594500371 743 190
1102 9594500371 743 191
1102 9594500371 743 192
1102 9594500371 743 193
1102 9594500371 743 194
1102 9594500371 743 195
1102 9594500371 743 196
1102 9594500371 743 197
1102 9594500371 743 198
1102 9594500371 743 199
1102 9594500371 743 200
1102 9594500371 743 201
1102 9594500371 743 202
1102 9594500371 743 203
1102 9594500371 743 204
1102 9594500371 743 205
1102 9594500371 743 206
1102 9594500371 743 207
1102 9594500371 743 208
1102 9594500371 743 209
1102 9594500371 743 210
1102 9594500371 743 211
1102 9594500371 743 212
1102 9594500371 743 213
1102 9594500371 743 214
1102 9594500371 743 215
1102 9594500371 743 216
1102 9594500371 743 217
1102 9594500371 743 218
1102 9594500371 743 219
1102 9594500371 743 220
1102 9594500371 743 221
1102 9594500371 743 222
1102 9594500371 743 223
1102 9594500371 743 224
1102 9594500371 743 225
1102 9594500371 743 226
1102 9594500371 743 227
1102 9594500371 743 228
1102 9594500371 743 229
1102 9594500371 743 230
1102 9594500371 743 231
1102 9594500371 743 232
1102 9594500371 743 233
1102 9594500371 743 234
1102 9594500371 743 235
1102 9594500371 743 236
1102 9594500371 743 237
1102 9594500371 743 238
1102 9594500371 743 239
1102 9594500371 743 240
1102 9594500371 743 241
1102 9594500371 743 242
1102 9594500371 743 243
1102 9594500371 743 244
1102 9594500371 743 245
1102 9594500371 743 246
1102 9594500371 743 247
1102 9594500371 743 248
1102 9594500371 743 249
1102 9594500371 743 250
1102 9594500371 743 251
1102 9594500371 743 252
1102 9594500371 743 253
1102 9594500371 743 254
1102 9594500371 743 255
1102 9594500371 743 256
1102 9594500371 743 257
1102 9594500371 743 258
1102 9594500371 743 259
1102 9594500371 743 260
1102 9594500371 743 261
1102 9594500371 743 262
1102 9594500371 743 263
1102 9594500371 743 264
1102 9594500371 743 265
1102 9594500371 743 266
1102 9594500371 743 267
1102 9594500371 743 268
1102 9594500371 743 269
1102 9594500371 743 270
1102 9594500371 743 271
1102 9594500371 743 272
1102 9594500371 743 273
1102 9594500371 743 274
1102 9594500371 743 275
1102 9594500371 743 276
1102 9594500371 743 277
1102 9594500371 743 278
1102 9594500371 743 279
1102 9594500371 743 280
1102 9594500371 743 281
1102 9594500371 743 282
1102 9594500371 743 283
1102 9594500371 743 284
1102 9594500371 743 285
1102 9594500371 743 286
1102 9594500371 743 287
1102 9594500371 743 288
1102 9594500371 743 289
1102 9594500371 743 290
1102 9594500371 743 291
1102 9594500371 743 292
1102 9594500371 743 293
1102 9594500371 743 294
1102 9594500371 743 295
1102 9594500371 743 296
1102 9594500371 743 297
1102 9594500371 743 298
1102 9594500371 743 299
1102 9594500371 743 300
1102 9594500371 743 301
1102 9594500371 743 302
1102 9594500371 743 303
1102 9594500371 743 304
1102 9594500371 743 305
1102 9594500371 743 306
1102 9594500371 743 307
1102 9594500371 743 308
1102 9594500371 743 309
1102 9594500371 743 310
1102 9594500371 743 311
1102 9594500371 743 312
1102 9594500371 743 313
1102 9594500371 743 314
1102 9594500371 743 315
1102 9594500371 743 316
1102 9594500371 743 317
1102 9594500371 743 318
1102 9594500371 743 319
1102 9594500371 743 320
1102 9594500371 743 321
1102 9594500371 743 322
1102 9594500371 743 323
1102 9594500371 743 324
1102 9594500371 743 325
1102 9594500371 743 326
1102 9594500371 743 327
1102 9594500371 743 328
1102 9594500371 743 329
1102 9594500371 743 330
1102 9594500371 743 331
1102 9594500371 743 332
1102 9594500371 743 333
1102 9594500371 743 334
1102 9594500371 743 335
1102 9594500371 743 336
1102 9594500371 743 337
1102 9594500371 743 338
1102 9594500371 743 339
1102 9594500371 743 340
1102 9594500371 743 341
1102 9594500371 743 342
1102 9594500371 743 343
1102 9594500371 743 344
1102 9594500371 743 345
1102 9594500371 743 346
1102 9594500371 743 347
1102 9594500371 743 348
1102 9594500371 743 349
1102 9594500371 743 350
1102 9594500371 743 351
1102 9594500371 743 352
1102 9594500371 743 353
1102 9594500371 743 354
1102 9594500371 743 355
1102 9594500371 743 356
1102 9594500371 743 357
1102 9594500371 743 358
1102 9594500371 743 359
1102 9594500371 743 360
1102 9594500371 743 361
1102 9594500371 743 362
1102 9594500371 743 363
1102 9594500371 743 364
1102 9594500371 743 365
1102 9594500371 743 366
1102 9594500371 743 367
1102 9594500371 743 368
1102 9594500371 743 369
1102 9594500371 743 370
1102 9594500371 743 371
1102 9594500371 743 372
1102 9594500371 743 373
1102 9594500371 743 374
1102 9594500371 743 375
1102 9594500371 743 376
1102 9594500371 743 377
1102 9594500371 743 378
1102 9594500371 743 379
1102 9594500371 743 380
1102 9594500371 743 381
1102 9594500371 743 382
1102 9594500371 743 383
1102 9594500371 743 384
1102 9594500371 743 385
1102 9594500371 743 386
1102 9594500371 743 387
1102 9594500371 743 388
1102 9594500371 743 389
1102 9594500371 743 390
1102 9594500371 743 391
1102 9594500371 743 392
1102 9594500371 743 393
1102 9594500371 743 394
1102 9594500371 743 395
1102 9594500371 743 396
1102 9594500371 743 397
1102 9594500371 743 398
1102 9594500371 743 399
1102 9594500371 743 400
1102 9594500371 743 401
1102 9594500371 743 402
1102 9594500371 743 403
1102 9594500371 743 404
1102 9594500371 743 405
1102 9594500371 743 406
1102 9594500371 743 407
1102 9594500371 743 408
1102 9594500371 743 409
1102 9594500371 743 410
1102 9594500371 743 411
1102 9594500371 743 412
1102 9594500371 743 413
1102 9594500371 743 414
1102 9594500371 743 415
1102 9594500371 743 416
1102 9594500371 743 417
1102 9594500371 743 418
1102 9594500371 743 419
1102 9594500371 743 420
1102 9594500371 743 421
1102 9594500371 743 422
1102 9594500371 743 423
1102 9594500371 743 424
1102 9594500371 743 425
1102 9594500371 743 426
1102 9594500371 743 427
1102 9594500371 743 428
1102 9594500371 743 429
1102 9594500371 743 430
1102 9594500371 743 431
1102 9594500371 743 432
1102 9594500371 743 433
1102 9594500371 743 434
1102 9594500371 743 435
1102 9594500371 743 436
1102 9594500371 743 437
1102 9594500371 743 438
1102 9594500371 743 439
1102 9594500371 743 440
1102 9594500371 743 441
1102 9594500371 743 442
1102 9594500371 743 443
1102 9594500371 743 444
1102 9594500371 743 445
1102 9594500371 743 446
1102 9594500371 743 447
1102 9594500371 743 448
1102 9594500371 743 449
1102 9594500371 743 450
1102 9594500371 743 451
1102 9594500371 743 452
1102 9594500371 743 453
1102 9594500371 743 454
1102 9594500371 743 455
1102 9594500371 743 456
1102 9594500371 743 457
1102 9594500371 743 458
1102 9594500371 743 459
1102 9594500371 743 460
1102 9594500371 743 461
1102 9594500371 743 462
1102 9594500371 743 463
1102 9594500371 743 464
1102 9594500371 743 465
1102 9594500371 743 466
1102 9594500371 743 467
1102 9594500371 743 468
1102 9594500371 743 469
1102 9594500371 743 470
1102 9594500371 743 471
1102 9594500371 743 472
1102 9594500371 743 473
1102 9594500371 743 474
1102 9594500371 743 475
1102 9594500371 743 476
1102 9594500371 743 477
1102 9594500371 743 478
1102 9594500371 743 479
1102 9594500371 743 480
1102 9594500371 743 481
1102 9594500371 743 482
1102 9594500371 743 483
1102 9594500371 743 484
1102 9594500371 743 485
1102 9594500371 743 486
1102 9594500371 743 487
1102 9594500371 743 488
1102 9594500371 743 489
1102 9594500371 743 490
1102 9594500371 743 491
1102 9594500371 743 492
1102 9594500371 743 493
1102 9594500371 743 494
1102 9594500371 743 495
1102 9594500371 743 496
1102 9594500371 743 497
1102 9594500371 743 498
1102 9594500371 743 499
1102 9594500371 743 500
1102 9594500371 743 501
1102 9594500371 743 502
1102 9594500371 743 503
1102 9594500371 743 504
1102 9594500371 743 505
1102 9594500371 743 506
1102 9594500371 743 507
1102 9594500371 743 508
1102 9594500371 743 509
1102 9594500371 743 510
1102 9594500371 743 511
1102 9594500371 743 512
1102 9594500371 743 513
1102 9594500371 743 514
1102 9594500371 743 515
1102 9594500371 743 516
1102 9594500371 743 517
1102 9594500371 743 518
1102 9594500371 743 519
1102 9594500371 743 520
1102 9594500371 743 521
1102 9594500371 743 522
1102 9594500371 743 523
1102 9594500371 743 524
1102 9594500371 743 525
1102 9594500371 743 526
1102 9594500371 743 527
1102 9594500371 743 528
1102 9594500371 743 529
1102 9594500371 743 530
1102 9594500371 743 531
1102 9594500371 743 532
1102 9594500371 743 533
1102 9594500371 743 534
1102 9594500371 743 535
1102 9594500371 743 536
1102 9594500371 743 537
1102 9594500371 743 538
1102 9594500371 743 539
1102 9594500371 743 540
1102 9594500371 743 541
1102 9594500371 743 542
1102 9594500371 743 543
1102 9594500371 743 544
1102 9594500371 743 545
1102 9594500371 743 546
1102 9594500371 743 547
1102 9594500371 743 548
1102 9594500371 743 549
1102 9594500371 743 550
1102 9594500371 743 551
1102 9594500371 743 552
1102 9594500371 743 553
1102 9594500371 743 554
1102 9594500371 743 555
1102 9594500371 743 556
1102 9594500371 743 557
1102 9594500371 743 558
1102 9594500371 743 559
1102 9594500371 743 560
1102 9594500371 743 561
1102 9594500371 743 562
1102 9594500371 743 563
1102 9594500371 743 564
1102 9594500371 743 565
1102 9594500371 743 566
1102 9594500371 743 567
1102 9594500371 743 568
1102 9594500371 743 569
1102 9594500371 743 570
1102 9594500371 743 571
1102 9594500371 743 572
1102 9594500371 743 573
1102 9594500371 743 574
1102 9594500371 743 575
1102 9594500371 743 576
1102 9594500371 743 577
1102 9594500371 743 578
1102 9594500371 743 579
1102 9594500371 743 580
1102 9594500371 743 581
1102 9594500371 743 582
1102 9594500371 743 583
1102 9594500371 743 584
1102 9594500371 743 585
1102 9594500371 743 586
1102 9594500371 743 587
1102 9594500371 743 588
1102 9594500371 743 589
1102 9594500371 743 590
1102 9594500371 743 591
1102 9594500371 743 592
1102 9594500371 743 593
1102 9594500371 743 594
1102 9594500371 743 595
1102 9594500371 743 596
1102 9594500371 743 597
1102 9594500371 743 598
1102 9594500371 743 599
1102 9594500371 743 600
1102 9594500371 743 601
1102 9594500371 743 602
1102 9594500371 743 603
1102 9594500371 743 604
1102 9594500371 743 605
1102 9594500371 743 606
1102 9594500371 743 607
1102 9594500371 743 608
1102 9594500371 743 609
1102 9594500371 743 610
1102 9594500371 743 611
1102 9594500371 743 612
1102 9594500371 743 613
1102 9594500371 743 614
1102 9594500371 743 615
1102 9594500371 743 616
1102 9594500371 743 617
1102 9594500371 743 618
1102 9594500371 743 619
1102 9594500371 743 620
1102 9594500371 743 621
1102 9594500371 743 622
1102 9594500371 743 623
1102 9594500371 743 624
1102 9594500371 743 625
1102 9594500371 743 626
1102 9594500371 743 627
1102 9594500371 743 628
1102 9594500371 743 629
1102 9594500371 743 630
1102 9594500371 743 631
1102 9594500371 743 632
1102 9594500371 743 633
1102 9594500371 743 634
1102 9594500371 743 635
1102 9594500371 743 636
1102 9594500371 743 637
1102 9594500371 743 638
1102 9594500371 743 639
1102 9594500371 743 640
1102 9594500371 743 641
1102 9594500371 743 642
1102 9594500371 743 643
1102 9594500371 743 644
1102 9594500371 743 645
1102 9594500371 743 646
1102 9594500371 743 647
1102 9594500371 743 648
1102 9594500371 743 649
1102 9594500371 743 650
1102 9594500371 743 651
1102 9594500371 743 652
1102 9594500371 743 653
1102 9594500371 743 654
1102 9594500371 743 655
1102 9594500371 743 656
1102 9594500371 743 657
1102 9594500371 743 658
1102 9594500371 743 659
1102 9594500371 743 660
1102 9594500371 743 661
1102 9594500371 743 662
1102 9594500371 743 663
1102 9594500371 743 664
1102 9594500371 743 665
1102 9594500371 743 666
1102 9594500371 743 667
1102 9594500371 743 668
1102 9594500371 743 669
1102 9594500371 743 670
1102 9594500371 743 671
1102 9594500371 743 672
1102 9594500371 743 673
1102 9594500371 743 674
1102 9594500371 743 675
1102 9594500371 743 676
1102 9594500371 743 677
1102 9594500371 743 678
1102 9594500371 743 679
1102 9594500371 743 680
1102 9594500371 743 681
1102 9594500371 743 682
1102 9594500371 743 683
1102 9594500371 743 684
1102 9594500371 743 685
1102 9594500371 743 686
1102 9594500371 743 687
1102 9594500371 743 688
1102 9594500371 743 689
1102 9594500371 743 690
1102 9594500371 743 691
1102 9594500371 743 692
1102 9594500371 743 693
1102 9594500371 743 694
1102 9594500371 743 695
1102 9594500371 743 696
1102 9594500371 743 697
1102 9594500371 743 698
1102 9594500371 743 699
1102 9594500371 743 700
1102 9594500371 743 701
1102 9594500371 743 702
1102 9594500371 743 703
1102 9594500371 743 704
1102 9594500371 743 705
1102 9594500371 743 706
1102 9594500371 743 707
1102 9594500371 743 708
1102 9594500371 743 709
1102 9594500371 743 710
1102 9594500371 743 711
1102 9594500371 743 712
1102 9594500371 743 713
1102 9594500371 743 714
1102 9594500371 743 715
1102 9594500371 743 716
1102 9594500371 743 717
1102 9594500371 743 718
1102 9594500371 743 719
1102 9594500371 743 720
1102 9594500371 743 721
1102 9594500371 743 722
1102 9594500371 743 723
1102 9594500371 743 724
1102 9594500371 743 725
1102 9594500371 743 726
1102 9594500371 743 727
1102 9594500371 743 728
1102 9594500371 743 729
1102 9594500371 743 730
1102 9594500371 743 731
1102 9594500371 743 732
1102 9594500371 743 733
1102 9594500371 743 734
1102 9594500371 743 735
1102 9594500371 743 736
1102 9594500371 743 737
1102 9594500371 743 738
1102 9594500371 743 739
1102 9594500371 743 740
1102 9594500371 743 741
1102 9594500371 743 742
1102 9594500371 743 743
1102 9610944262 240 1
1102 9610944262 240 2
1102 9610944262 240 3
1102 9610944262 240 4
1102 9610944262 240 5
1102 9610944262 240 6
1102 9610944262 240 7
1102 9610944262 240 8
1102 9610944262 240 9
1102 9610944262 240 10
1102 9610944262 240 11
1102 9610944262 240 12
1102 9610944262 240 13
1102 9610944262 240 14
1102 9610944262 240 15
1102 9610944262 240 16
1102 9610944262 240 17
1102 9610944262 240 18
1102 9610944262 240 19
1102 9610944262 240 20
1102 9610944262 240 21
1102 9610944262 240 22
1102 9610944262 240 23
1102 9610944262 240 24
1102 9610944262 240 25
1102 9610944262 240 26
1102 9610944262 240 27
1102 9610944262 240 28
1102 9610944262 240 29
1102 9610944262 240 30
1102 9610944262 240 31
1102 9610944262 240 32
1102 9610944262 240 33
1102 9610944262 240 34
1102 9610944262 240 35
1102 9610944262 240 36
1102 9610944262 240 37
1102 9610944262 240 38
1102 9610944262 240 39
1102 9610944262 240 40
1102 9610944262 240 41
1102 9610944262 240 42
1102 9610944262 240 43
1102 9610944262 240 44
1102 9610944262 240 45
1102 9610944262 240 46
1102 9610944262 240 47
1102 9610944262 240 48
1102 9610944262 240 49
1102 9610944262 240 50
1102 9610944262 240 51
1102 9610944262 240 52
1102 9610944262 240 53
1102 9610944262 240 54
1102 9610944262 240 55
1102 9610944262 240 56
1102 9610944262 240 57
1102 9610944262 240 58
1102 9610944262 240 59
1102 9610944262 240 60
1102 9610944262 240 61
1102 9610944262 240 62
1102 9610944262 240 63
1102 9610944262 240 64
1102 9610944262 240 65
1102 9610944262 240 66
1102 9610944262 240 67
1102 9610944262 240 68
1102 9610944262 240 69
1102 9610944262 240 70
1102 9610944262 240 71
1102 9610944262 240 72
1102 9610944262 240 73
1102 9610944262 240 74
1102 9610944262 240 75
1102 9610944262 240 76
1102 9610944262 240 77
1102 9610944262 240 78
1102 9610944262 240 79
1102 9610944262 240 80
1102 9610944262 240 81
1102 9610944262 240 82
1102 9610944262 240 83
1102 9610944262 240 84
1102 9610944262 240 85
1102 9610944262 240 86
1102 9610944262 240 87
1102 9610944262 240 88
1102 9610944262 240 89
1102 9610944262 240 90
1102 9610944262 240 91
1102 9610944262 240 92
1102 9610944262 240 93
1102 9610944262 240 94
1102 9610944262 240 95
1102 9610944262 240 96
1102 9610944262 240 97
1102 9610944262 240 98
1102 9610944262 240 99
1102 9610944262 240 100
1102 9610944262 240 101
1102 9610944262 240 102
1102 9610944262 240 103
1102 9610944262 240 104
1102 9610944262 240 105
1102 9610944262 240 106
1102 9610944262 240 107
1102 9610944262 240 108
1102 9610944262 240 109
1102 9610944262 240 110
1102 9610944262 240 111
1102 9610944262 240 112
1102 9610944262 240 113
1102 9610944262 240 114
1102 9610944262 240 115
1102 9610944262 240 116
1102 9610944262 240 117
1102 9610944262 240 118
1102 9610944262 240 119
1102 9610944262 240 120
1102 9610944262 240 121
1102 9610944262 240 122
1102 9610944262 240 123
1102 9610944262 240 124
1102 9610944262 240 125
1102 9610944262 240 126
1102 9610944262 240 127
1102 9610944262 240 128
1102 9610944262 240 129
1102 9610944262 240 130
1102 9610944262 240 131
1102 9610944262 240 132
1102 9610944262 240 133
1102 9610944262 240 134
1102 9610944262 240 135
1102 9610944262 240 136
1102 9610944262 240 137
1102 9610944262 240 138
1102 9610944262 240 139
1102 9610944262 240 140
1102 9610944262 240 141
1102 9610944262 240 142
1102 9610944262 240 143
1102 9610944262 240 144
1102 9610944262 240 145
1102 9610944262 240 146
1102 9610944262 240 147
1102 9610944262 240 148
1102 9610944262 240 149
1102 9610944262 240 150
1102 9610944262 240 151
1102 9610944262 240 152
1102 9610944262 240 153
1102 9610944262 240 154
1102 9610944262 240 155
1102 9610944262 240 156
1102 9610944262 240 157
1102 9610944262 240 158
1102 9610944262 240 159
1102 9610944262 240 160
1102 9610944262 240 161
1102 9610944262 240 162
1102 9610944262 240 163
1102 9610944262 240 164
1102 9610944262 240 165
1102 9610944262 240 166
1102 9610944262 240 167
1102 9610944262 240 168
1102 9610944262 240 169
1102 9610944262 240 170
1102 9610944262 240 171
1102 9610944262 240 172
1102 9610944262 240 173
1102 9610944262 240 174
1102 9610944262 240 175
1102 9610944262 240 176
1102 9610944262 240 177
1102 9610944262 240 178
1102 9610944262 240 179
1102 9610944262 240 180
1102 9610944262 240 181
1102 9610944262 240 182
1102 9610944262 240 183
1102 9610944262 240 184
1102 9610944262 240 185
1102 9610944262 240 186
1102 9610944262 240 187
1102 9610944262 240 188
1102 9610944262 240 189
1102 9610944262 240 190
1102 9610944262 240 191
1102 9610944262 240 192
1102 9610944262 240 193
1102 9610944262 240 194
1102 9610944262 240 195
1102 9610944262 240 196
1102 9610944262 240 197
1102 9610944262 240 198
1102 9610944262 240 199
1102 9610944262 240 200
1102 9610944262 240 201
1102 9610944262 240 202
1102 9610944262 240 203
1102 9610944262 240 204
1102 9610944262 240 205
1102 9610944262 240 206
1102 9610944262 240 207
1102 9610944262 240 208
1102 9610944262 240 209
1102 9610944262 240 210
1102 9610944262 240 211
1102 9610944262 240 212
1102 9610944262 240 213
1102 9610944262 240 214
1102 9610944262 240 215
1102 9610944262 240 216
1102 9610944262 240 217
1102 9610944262 240 218
1102 9610944262 240 219
1102 9610944262 240 220
1102 9610944262 240 221
1102 9610944262 240 222
1102 9610944262 240 223
1102 9610944262 240 224
1102 9610944262 240 225
1102 9610944262 240 226
1102 9610944262 240 227
1102 9610944262 240 228
1102 9610944262 240 229
1102 9610944262 240 230
1102 9610944262 240 231
1102 9610944262 240 232
1102 9610944262 240 233
1102 9610944262 240 234
1102 9610944262 240 235
1102 9610944262 240 236
1102 9610944262 240 237
1102 9610944262 240 238
1102 9610944262 240 239
1102 9610944262 240 240
1102 9620459628 264 1
1102 9620459628 264 2
1102 9620459628 264 3
1102 9620459628 264 4
1102 9620459628 264 5
1102 9620459628 264 6
1102 9620459628 264 7
1102 9620459628 264 8
1102 9620459628 264 9
1102 9620459628 264 10
1102 9620459628 264 11
1102 9620459628 264 12
1102 9620459628 264 13
1102 9620459628 264 14
1102 9620459628 264 15
1102 9620459628 264 16
1102 9620459628 264 17
1102 9620459628 264 18
1102 9620459628 264 19
1102 9620459628 264 20
1102 9620459628 264 21
1102 9620459628 264 22
1102 9620459628 264 23
1102 9620459628 264 24
1102 9620459628 264 25
1102 9620459628 264 26
1102 9620459628 264 27
1102 9620459628 264 28
1102 9620459628 264 29
1102 9620459628 264 30
1102 9620459628 264 31
1102 9620459628 264 32
1102 9620459628 264 33
1102 9620459628 264 34
1102 9620459628 264 35
1102 9620459628 264 36
1102 9620459628 264 37
1102 9620459628 264 38
1102 9620459628 264 39
1102 9620459628 264 40
1102 9620459628 264 41
1102 9620459628 264 42
1102 9620459628 264 43
1102 9620459628 264 44
1102 9620459628 264 45
1102 9620459628 264 46
1102 9620459628 264 47
1102 9620459628 264 48
1102 9620459628 264 49
1102 9620459628 264 50
1102 9620459628 264 51
1102 9620459628 264 52
1102 9620459628 264 53
1102 9620459628 264 54
1102 9620459628 264 55
1102 9620459628 264 56
1102 9620459628 264 57
1102 9620459628 264 58
1102 9620459628 264 59
1102 9620459628 264 60
1102 9620459628 264 61
1102 9620459628 264 62
1102 9620459628 264 63
1102 9620459628 264 64
1102 9620459628 264 65
1102 9620459628 264 66
1102 9620459628 264 67
1102 9620459628 264 68
1102 9620459628 264 69
1102 9620459628 264 70
1102 9620459628 264 71
1102 9620459628 264 72
1102 9620459628 264 73
1102 9620459628 264 74
1102 9620459628 264 75
1102 9620459628 264 76
1102 9620459628 264 77
1102 9620459628 264 78
1102 9620459628 264 79
1102 9620459628 264 80
1102 9620459628 264 81
1102 9620459628 264 82
1102 9620459628 264 83
1102 9620459628 264 84
1102 9620459628 264 85
1102 9620459628 264 86
1102 9620459628 264 87
1102 9620459628 264 88
1102 9620459628 264 89
1102 9620459628 264 90
1102 9620459628 264 91
1102 9620459628 264 92
1102 9620459628 264 93
1102 9620459628 264 94
1102 9620459628 264 95
1102 9620459628 264 96
1102 9620459628 264 97
1102 9620459628 264 98
1102 9620459628 264 99
1102 9620459628 264 100
1102 9620459628 264 101
1102 9620459628 264 102
1102 9620459628 264 103
1102 9620459628 264 104
1102 9620459628 264 105
1102 9620459628 264 106
1102 9620459628 264 107
1102 9620459628 264 108
1102 9620459628 264 109
1102 9620459628 264 110
1102 9620459628 264 111
1102 9620459628 264 112
1102 9620459628 264 113
1102 9620459628 264 114
1102 9620459628 264 115
1102 9620459628 264 116
1102 9620459628 264 117
1102 9620459628 264 118
1102 9620459628 264 119
1102 9620459628 264 120
1102 9620459628 264 121
1102 9620459628 264 122
1102 9620459628 264 123
1102 9620459628 264 124
1102 9620459628 264 125
1102 9620459628 264 126
1102 9620459628 264 127
1102 9620459628 264 128
1102 9620459628 264 129
1102 9620459628 264 130
1102 9620459628 264 131
1102 9620459628 264 132
1102 9620459628 264 133
1102 9620459628 264 134
1102 9620459628 264 135
1102 9620459628 264 136
1102 9620459628 264 137
1102 9620459628 264 138
1102 9620459628 264 139
1102 9620459628 264 140
1102 9620459628 264 141
1102 9620459628 264 142
1102 9620459628 264 143
1102 9620459628 264 144
1102 9620459628 264 145
1102 9620459628 264 146
1102 9620459628 264 147
1102 9620459628 264 148
1102 9620459628 264 149
1102 9620459628 264 150
1102 9620459628 264 151
1102 9620459628 264 152
1102 9620459628 264 153
1102 9620459628 264 154
1102 9620459628 264 155
1102 9620459628 264 156
1102 9620459628 264 157
1102 9620459628 264 158
1102 9620459628 264 159
1102 9620459628 264 160
1102 9620459628 264 161
1102 9620459628 264 162
1102 9620459628 264 163
1102 9620459628 264 164
1102 9620459628 264 165
1102 9620459628 264 166
1102 9620459628 264 167
1102 9620459628 264 168
1102 9620459628 264 169
1102 9620459628 264 170
1102 9620459628 264 171
1102 9620459628 264 172
1102 9620459628 264 173
1102 9620459628 264 174
1102 9620459628 264 175
1102 9620459628 264 176
1102 9620459628 264 177
1102 9620459628 264 178
1102 9620459628 264 179
1102 9620459628 264 180
1102 9620459628 264 181
1102 9620459628 264 182
1102 9620459628 264 183
1102 9620459628 264 184
1102 9620459628 264 185
1102 9620459628 264 186
1102 9620459628 264 187
1102 9620459628 264 188
1102 9620459628 264 189
1102 9620459628 264 190
1102 9620459628 264 191
1102 9620459628 264 192
1102 9620459628 264 193
1102 9620459628 264 194
1102 9620459628 264 195
1102 9620459628 264 196
1102 9620459628 264 197
1102 9620459628 264 198
1102 9620459628 264 199
1102 9620459628 264 200
1102 9620459628 264 201
1102 9620459628 264 202
1102 9620459628 264 203
1102 9620459628 264 204
1102 9620459628 264 205
1102 9620459628 264 206
1102 9620459628 264 207
1102 9620459628 264 208
1102 9620459628 264 209
1102 9620459628 264 210
1102 9620459628 264 211
1102 9620459628 264 212
1102 9620459628 264 213
1102 9620459628 264 214
1102 9620459628 264 215
1102 9620459628 264 216
1102 9620459628 264 217
1102 9620459628 264 218
1102 9620459628 264 219
1102 9620459628 264 220
1102 9620459628 264 221
1102 9620459628 264 222
1102 9620459628 264 223
1102 9620459628 264 224
1102 9620459628 264 225
1102 9620459628 264 226
1102 9620459628 264 227
1102 9620459628 264 228
1102 9620459628 264 229
1102 9620459628 264 230
1102 9620459628 264 231
1102 9620459628 264 232
1102 9620459628 264 233
1102 9620459628 264 234
1102 9620459628 264 235
1102 9620459628 264 236
1102 9620459628 264 237
1102 9620459628 264 238
1102 9620459628 264 239
1102 9620459628 264 240
1102 9620459628 264 241
1102 9620459628 264 242
1102 9620459628 264 243
1102 9620459628 264 244
1102 9620459628 264 245
1102 9620459628 264 246
1102 9620459628 264 247
1102 9620459628 264 248
1102 9620459628 264 249
1102 9620459628 264 250
1102 9620459628 264 251
1102 9620459628 264 252
1102 9620459628 264 253
1102 9620459628 264 254
1102 9620459628 264 255
1102 9620459628 264 256
1102 9620459628 264 257
1102 9620459628 264 258
1102 9620459628 264 259
1102 9620459628 264 260
1102 9620459628 264 261
1102 9620459628 264 262
1102 9620459628 264 263
1102 9620459628 264 264
